0	34.0	33.0	30.0	31.0	0.975	0.481	2.95872	1.68018	6.92	9.54	[[34], [30]]	[[11], [10]]	[[33], [31]]
1	33.0	22.0	30.0	28.0	0.7306	2.3036	1.24116	1.2518	9.56	6.5	[[22, 33], [28, 30]]	[[7], [9]]	[[22, 33], [28, 30]]
2	31.0	23.0	31.0	24.0	0.734	0.298	1.2846	3.84639	4.72	6.37	[[23, 31], [24, 31]]	[[7], [8]]	[[23, 31], [24, 31]]
3	30.0	30.0	29.0	37.0	0.3503	0.94	3.03613	0.30393	9.13	6.45	[[30], [29]]	[[10], [9]]	[[30], [29]]
4	32.0	29.0	30.0	30.0	1.397	1.005	0.815974	0.465907	9.08	4.92	[[32], [30]]	[[9], [10]]	[[32], [30]]
5	32.0	27.0	32.0	31.0	0.749	1.964	0.558753	0.484341	8.1	9.26	[[27, 32], [31, 32]]	[[9], [10]]	[[32], [32]]
6	33.0	30.0	30.0	38.0	0.353	1.613	0.827675	0.329478	8.22	5.11	[[33, 30], [30, 38]]	[[11], [10]]	[[33], [30]]
7	33.0	29.0	33.0	37.0	0.353	2.573	0.827675	0.33044	8.22	4.7	[[33, 29], [33, 37]]	[[9], [12]]	[[29], [37]]
8	33.0	31.0	32.0	35.0	0.737	0.979	1.9451	1.51132	5.1	5.49	[[33], [32]]	[[10], [11]]	[[33], [32]]
9	33.0	25.0	30.0	39.0	0.692	0.6799	0.806487	2.5589	5.2	6.94	[[33, 25], [30, 39]]	[[8], [13]]	[[33, 25], [30, 39]]
10	32.0	19.0	29.0	39.0	2.536	0.453	0.878338	1.6876	4.64	9.69	[[32, 19], [29, 39]]	[[10, 6], [9, 13]]	[[32, 19], [29, 39]]
11	31.0	24.0	30.0	42.0	1.673	0.403	0.269877	0.583495	4.49	3.75	[[31, 24], [30, 42]]	[[8], [14]]	[[31, 24], [30, 42]]
12	33.0	31.0	31.0	33.0	0.366	0.135	28.7348	0.720634	5.84	6.25	[[33], [31]]	[[11], [10]]	[[33], [31]]
13	36.0	34.0	32.0	33.0	1.012	0.388	1.11201	1.35052	9.08	3.4	[[34], [33]]	[[11], [11]]	[[34], [33]]
14	33.0	29.0	32.0	35.0	0.706	0.412	5.51669	1.5514	6.33	7.22	[[33], [32]]	[[9], [11]]	[[33], [32]]
15	33.0	27.0	31.0	30.0	0.5218	0.884	16.3933	1.98704	6.59	6.63	[[33], [31]]	[[9], [10]]	[[33], [31]]
16	30.0	41.0	30.0	41.0	0.338	0.667	1.09766	11.4109	7.56	5.71	[[30, 41], [30, 41]]	[[13], [13]]	[[41], [41]]
17	31.0	40.0	30.0	36.0	1.526	2.539	1.29791	0.821628	7.33	8.67	[[31, 40], [30, 36]]	[[10], [10]]	[[31, 40], [30, 36]]
18	31.0	22.0	27.0	40.0	0.891	0.669	1.89084	8.70213	8.72	6.05	[[31, 22], [27, 40]]	[[7], [13]]	[[22], [40]]
19	33.0	36.0	30.0	41.0	0.48	1.11	1.50654	0.963705	3.26	9.21	[[33, 36], [30, 41]]	[[11], [10]]	[[33], [30]]
20	31.0	19.0	31.0	25.0	0.296	0.5218	97.2516	16.3933	6.66	6.59	[[19, 31], [25, 31]]	[[10], [10]]	[[19, 31], [25, 31]]
21	31.0	15.0	29.0	38.0	1.383	2.4284	1.05414	1.09067	7.79	4.53	[[31, 15], [29, 38]]	[[10, 5], [9, 12]]	[[31, 15], [29, 38]]
22	33.0	34.0	31.0	39.0	1.7245	2.338	0.605675	0.901624	7.39	7.22	[[33, 34], [31, 39]]	[[11], [13]]	[[33, 34], [31, 39]]
23	33.0	25.0	31.0	21.0	2.539	0.512	0.180944	1.06647	4.61	3.32	[[25, 33], [21, 31]]	[[8], [7]]	[[25], [21]]
24	32.0	29.0	31.0	36.0	3.0762	0.2475	1.19988	2.13289	7.67	7.25	[[32, 29], [31, 36]]	[[9], [12]]	[[32, 29], [31, 36]]
25	32.0	15.0	33.0	36.0	0.907	0.735	1.28898	7.38786	5.75	6.3	[[32, 15], [33, 36]]	[[5], [12]]	[[15], [36]]
26	33.0	22.0	32.0	28.0	1.215	1.222	0.593742	1.37254	5.19	5.36	[[22, 33], [28, 32]]	[[7], [9]]	[[22, 33], [28, 32]]
27	33.0	22.0	32.0	39.0	1.011	0.296	0.990137	97.2516	8.59	6.66	[[22], [39]]	[[7], [13]]	[[22], [39]]
28	33.0	18.0	32.0	28.0	0.579	0.279	0.449507	129.557	7.47	6.48	[[18], [28]]	[[6], [9]]	[[18], [28]]
29	30.0	28.0	30.0	33.0	0.28	0.531	1.43404	2.25041	7.06	6.74	[[28], [33]]	[[9], [11]]	[[28], [33]]
30	33.0	37.0	31.0	40.0	0.322	1.553	3.24516	1.06803	8.08	5.84	[[33, 37], [31, 40]]	[[11], [10]]	[[33, 37], [31, 40]]
31	30.0	30.0	30.0	38.0	0.5246	1.297	2.80325	0.657879	5.15	5.78	[[30, 30], [30, 38]]	[[10], [10]]	[[30], [30]]
32	31.0	21.0	28.0	34.0	0.6669	1.66	1.06083	0.524459	6.53	5.79	[[31, 21], [28, 34]]	[[7], [11]]	[[31, 21], [28, 34]]
33	33.0	35.0	30.0	35.0	1.198	1.096	1.27419	6.92251	5.74	6.49	[[33, 35], [30, 35]]	[[11], [11]]	[[35], [35]]
34	33.0	23.0	31.0	32.0	0.746	0.995	0.944878	4.73557	5.81	9.84	[[33, 23], [31, 32]]	[[7], [10]]	[[23, 33], [32, 31]]
35	30.0	17.0	30.0	32.0	1.505	0.577	0.319985	5.31986	5.66	9.23	[[30, 17], [30, 32]]	[[5], [10]]	[[17], [32]]
36	33.0	32.0	31.0	32.0	1.328	0.7	1.86509	1.74387	5.83	7.12	[[33], [31]]	[[10], [10]]	[[33], [31]]
37	33.0	23.0	31.0	27.0	1.393	1.009	1.06871	1.01234	7.39	5.44	[[23, 33], [27, 31]]	[[7], [9]]	[[23, 33], [27, 31]]
38	33.0	32.0	31.0	44.0	1.175	0.459	1.22972	1.70088	5.11	8.98	[[33, 32], [31, 44]]	[[11], [10]]	[[33, 32], [31, 44]]
39	32.0	24.0	32.0	26.0	1.263	0.883	0.496173	1.5466	7.85	7.63	[[24, 32], [26, 32]]	[[8], [8]]	[[24, 32], [26, 32]]
40	31.0	35.0	29.0	41.0	0.617	1.023	0.601675	0.946861	6.21	5.18	[[31, 35], [29, 41]]	[[11], [13]]	[[31, 35], [29, 41]]
41	32.0	19.0	30.0	41.0	1.608	0.604	0.343905	6.63124	5.55	5.17	[[32, 19], [30, 41]]	[[6], [13]]	[[19], [41]]
42	31.0	20.0	30.0	43.0	0.8479	1.222	2.28156	1.84259	5.74	5.15	[[31, 20], [30, 43]]	[[10, 6], [10, 14]]	[[31, 20], [30, 43]]
43	30.0	25.0	30.0	32.0	1.505	0.5623	0.319985	6.41507	5.66	5.43	[[25], [32]]	[[8], [10]]	[[25], [32]]
44	32.0	27.0	29.0	26.0	0.6803	2.245	3.85813	0.682495	5.48	5.06	[[27, 32], [26, 29]]	[[10], [9]]	[[32], [29]]
45	35.0	33.0	30.0	37.0	2.8645	1.182	0.48701	1.09956	6.99	8.17	[[35, 33], [30, 37]]	[[11], [12]]	[[35, 35, 33], [30, 30, 37]]
46	34.0	26.0	29.0	37.0	1.61	1.27	0.747657	0.375454	8.26	5.64	[[34, 26], [29, 37]]	[[8], [12]]	[[34, 26], [29, 37]]
47	31.0	44.0	30.0	31.0	0.298	1.037	3.84639	4.54489	6.37	3.91	[[31, 44], [30, 31]]	[[14], [10]]	[[31, 44], [30, 31]]
48	33.0	33.0	33.0	45.0	0.736	1.609	3.96415	0.77102	4.49	6.66	[[33, 33], [33, 45]]	[[11], [11]]	[[33], [33]]
49	30.0	27.0	30.0	30.0	2.0249	1.037	0.635626	2.14194	5.47	5.8	[[30], [30]]	[[9], [10]]	[[30], [30]]
50	32.0	22.0	33.0	36.0	1.135	1.9092	0.636323	0.537819	5.03	8.58	[[32, 22], [33, 36]]	[[7], [12]]	[[32, 22], [33, 36]]
51	32.0	19.0	31.0	43.0	1.681	1.058	0.183553	0.479573	6.25	7.12	[[19], [43]]	[[6], [14]]	[[32, 19], [31, 43]]
52	32.0	29.0	31.0	33.0	1.594	1.188	0.338029	0.584737	7.82	7.94	[[29, 29], [33, 33]]	[[9], [11]]	[[29], [33]]
53	33.0	35.0	31.0	43.0	0.536	0.3321	2.15624	1.85003	8.07	5.52	[[33, 35], [31, 43]]	[[11], [10]]	[[33, 35], [31, 43]]
54	32.0	15.0	30.0	38.0	1.252	1.024	1.14864	0.785827	8.31	5.71	[[32, 15], [30, 38]]	[[5], [12]]	[[32, 15], [30, 38]]
55	34.0	38.0	30.0	44.0	1.02	0.298	2.58745	3.84639	7.53	6.37	[[34, 38], [30, 44]]	[[12], [14]]	[[34, 38], [30, 44]]
56	33.0	32.0	29.0	36.0	0.911	0.124	0.42619	2.3119	6.57	3.52	[[33, 32], [29, 36]]	[[10], [12]]	[[32], [36]]
57	31.0	24.0	31.0	36.0	1.224	1.461	0.568826	0.44524	8.52	7.74	[[31, 24], [31, 36]]	[[8], [12]]	[[31, 24], [31, 36]]
58	33.0	41.0	31.0	41.0	0.741	0.738	0.931715	2.68714	8.15	5.87	[[33, 41], [31, 41]]	[[13], [13]]	[[33, 41], [31, 41]]
59	31.0	24.0	29.0	36.0	1.039	1.039	2.50535	2.95084	9.27	5.76	[[31, 24], [29, 36]]	[[8], [12]]	[[31, 24], [29, 36]]
60	32.0	21.0	31.0	30.0	0.907	0.306	0.468147	1.17781	6.3	3.55	[[21, 32], [30, 31]]	[[7], [10]]	[[21], [30]]
61	31.0	26.0	29.0	29.0	0.416	0.981	27.791	0.725237	9.83	4.93	[[31], [29]]	[[10], [9]]	[[31], [29]]
62	30.0	40.0	31.0	40.0	2.5763	0.567	0.421124	0.90921	3.89	6.22	[[30, 40], [31, 40]]	[[13], [13]]	[[30, 40], [31, 40]]
63	34.0	25.0	31.0	25.0	2.0249	0.705	0.635626	1.20301	5.47	7.73	[[25, 34], [25, 31]]	[[8], [8]]	[[25, 34], [25, 31]]
64	32.0	28.0	31.0	34.0	0.5245	1.032	10.0813	1.21397	8.18	6.77	[[32], [31]]	[[10], [10]]	[[32], [31]]
65	29.0	41.0	26.0	42.0	2.037	0.477	0.332606	0.619372	8.19	7.99	[[29], [26]]	[[9, 13], [8, 14]]	[[29, 41, 41], [26, 42, 42]]
66	33.0	18.0	32.0	42.0	0.145	0.355	116.428	1.10859	9.25	3.9	[[33, 18], [32, 42]]	[[11], [10]]	[[33], [32]]
67	34.0	31.0	32.0	33.0	0.444	0.735	4.29577	8.72284	8.83	5.36	[[31], [33]]	[[10], [11]]	[[31], [33]]
68	31.0	38.0	31.0	42.0	0.513	1.574	0.992362	1.01856	7.42	6.28	[[31, 38], [31, 42]]	[[12], [14]]	[[31, 38], [31, 42]]
69	32.0	30.0	30.0	43.0	0.622	0.2613	16.1072	1.67497	6.16	6.39	[[32, 30], [30, 43]]	[[10], [10]]	[[32, 30], [30, 43]]
70	33.0	34.0	30.0	40.0	0.738	0.346	2.68714	1.84528	5.87	5.67	[[33, 34], [30, 40]]	[[11], [10]]	[[33], [30]]
71	32.0	22.0	32.0	32.0	0.542	0.756	2.52153	0.674652	7.42	3.17	[[22, 32], [32, 32]]	[[10], [10]]	[[22, 32], [32, 32]]
72	32.0	30.0	28.0	32.0	0.532	1.311	1.13706	2.22005	8.39	7.65	[[30], [32]]	[[10], [10]]	[[30], [32]]
73	33.0	28.0	31.0	21.0	0.742	0.419	5.58977	1.24277	5.29	3.22	[[28, 33], [21, 31]]	[[11], [10]]	[[28, 33], [21, 31]]
74	33.0	23.0	33.0	31.0	0.63	1.144	1.36862	0.240687	5.65	8.17	[[33], [33]]	[[11], [11]]	[[33], [33]]
75	33.0	17.0	28.0	28.0	0.122	0.28	0.698286	1.43404	5.99	7.06	[[17, 33], [28, 28]]	[[5], [9]]	[[17, 33], [28, 28]]
76	32.0	31.0	30.0	37.0	0.5792	0.499	3.64503	3.44533	8.19	6.98	[[32, 31], [30, 37]]	[[10], [10]]	[[32, 31], [30, 37]]
77	32.0	32.0	30.0	38.0	0.735	0.967	9.58308	1.61927	4.69	6.68	[[32, 32], [30, 38]]	[[10], [10]]	[[32], [30]]
78	32.0	29.0	29.0	33.0	1.296	0.147	0.40844	174.617	8.88	7.24	[[29], [33]]	[[9], [11]]	[[29], [33]]
79	33.0	40.0	33.0	39.0	0.405	0.684	50.4659	3.30342	3.32	5.04	[[33, 40], [33, 39]]	[[11], [11]]	[[33], [33]]
80	32.0	34.0	30.0	40.0	0.538	0.734	1.22867	4.01281	7.17	6.83	[[32, 34], [30, 40]]	[[11], [13]]	[[32, 34], [30, 40]]
81	33.0	29.0	31.0	41.0	1.631	1.012	0.855709	1.11201	9.23	9.08	[[33, 29], [31, 41]]	[[9], [13]]	[[33, 29], [31, 41]]
82	33.0	35.0	31.0	34.0	1.365	2.34	0.96867	0.632304	4.94	4.11	[[33, 35], [31, 34]]	[[11], [10]]	[[35], [34]]
83	33.0	27.0	33.0	35.0	1.851	1.473	0.366686	0.431899	5.43	6.04	[[33, 27], [33, 35]]	[[9], [11]]	[[33, 27], [33, 35]]
84	33.0	29.0	31.0	37.0	1.87	0.907	0.322085	1.28898	5.6	5.75	[[33, 29], [31, 37]]	[[9], [12]]	[[29], [37]]
85	33.0	20.0	32.0	30.0	0.701	0.814	1.00573	1.46218	5.45	9.14	[[20, 33], [30, 32]]	[[11], [10]]	[[20, 33], [30, 32]]
86	33.0	18.0	31.0	27.0	0.501	0.451	1.16825	1.60955	5.99	8.72	[[18, 33], [27, 31]]	[[6, 11], [9, 10]]	[[18, 18, 33], [27, 27, 31]]
87	32.0	30.0	30.0	31.0	1.7245	0.661	0.605675	0.893474	7.39	7.12	[[32], [30]]	[[10], [10]]	[[30], [31]]
88	29.0	29.0	31.0	34.0	0.955	1.058	9.37573	0.479573	7.09	7.12	[[29], [31]]	[[9], [10]]	[[29], [31]]
89	33.0	26.0	32.0	41.0	2.211	0.705	0.608383	1.20301	6.95	7.73	[[33, 26], [32, 41]]	[[8], [13]]	[[33, 26], [32, 41]]
90	31.0	31.0	30.0	28.0	1.317	0.877	1.50355	0.836983	6.49	6.43	[[31], [30]]	[[10], [10]]	[[31], [30]]
91	31.0	20.0	29.0	39.0	0.778	1.1097	0.70956	1.25229	5.38	9.6	[[31, 20], [29, 39]]	[[6], [13]]	[[31, 20], [29, 39]]
92	33.0	29.0	30.0	42.0	3.463	1.955	1.15288	0.293433	5.91	6.91	[[33, 29], [30, 42]]	[[11], [10]]	[[33], [30]]
93	32.0	30.0	30.0	38.0	0.987	0.548	0.811941	2.22923	4.56	7.91	[[32, 30], [30, 38]]	[[10], [12]]	[[32, 30], [30, 38]]
94	30.0	30.0	32.0	33.0	0.6646	2.1375	2.1642	0.645504	9.57	7.32	[[30], [32]]	[[10], [11]]	[[30], [33]]
95	31.0	31.0	32.0	33.0	1.061	0.684	1.2354	3.30342	8.83	5.04	[[31], [33]]	[[10], [11]]	[[31], [33]]
96	33.0	28.0	30.0	44.0	0.551	0.39	2.4002	0.934812	6.92	3.15	[[33, 28], [30, 44]]	[[11, 9], [10, 14]]	[[33, 28], [30, 44]]
97	34.0	17.0	34.0	25.0	1.053	3.462	1.71723	1.22906	9.65	4.44	[[17, 34], [25, 34]]	[[5], [8]]	[[17], [25]]
98	33.0	29.0	30.0	39.0	1.168	1.092	0.430631	0.491988	5.78	5.22	[[33, 29], [30, 39]]	[[9], [13]]	[[33, 29], [30, 39]]
99	32.0	22.0	31.0	42.0	0.6536	1.089	3.70973	0.616545	7.49	4.8	[[32, 22], [31, 42]]	[[10], [10]]	[[32], [31]]
100	33.0	22.0	31.0	36.0	1.0357	1.061	3.41433	1.2354	4.8	8.83	[[33, 22], [31, 36]]	[[11], [10]]	[[33], [31]]
101	33.0	35.0	30.0	45.0	0.667	1.6138	8.90898	0.427994	6.14	5.38	[[33, 35], [30, 45]]	[[11], [10]]	[[33], [30]]
102	34.0	44.0	33.0	39.0	1.296	0.509	0.40844	1.1146	8.88	8.3	[[34, 44], [33, 39]]	[[11], [11]]	[[34, 44], [33, 39]]
103	31.0	24.0	30.0	34.0	1.889	1.135	0.225302	0.636323	7.0	5.03	[[31, 24], [30, 34]]	[[8], [11]]	[[31, 24], [30, 34]]
104	32.0	21.0	31.0	33.0	0.737	1.681	4.46428	0.183553	9.54	6.25	[[32, 21], [31, 33]]	[[10], [10]]	[[32], [31]]
105	33.0	25.0	31.0	30.0	0.706	1.065	5.51669	1.34041	6.33	4.28	[[25, 33], [30, 31]]	[[11], [10]]	[[25, 33], [30, 31]]
106	32.0	21.0	31.0	44.0	0.604	0.954	6.63124	6.31622	5.17	9.32	[[32, 21], [31, 44]]	[[10, 7], [10, 14]]	[[32, 21], [31, 44]]
107	32.0	30.0	29.0	40.0	0.133	1.665	0.75404	0.261242	3.9	5.26	[[32, 30], [29, 40]]	[[10], [9]]	[[32], [29]]
108	33.0	15.0	32.0	32.0	1.357	0.995	0.640444	4.73557	6.11	9.84	[[15, 33], [32, 32]]	[[5], [10]]	[[15], [32]]
109	31.0	30.0	31.0	30.0	0.523	0.6803	6.38393	3.85813	9.58	5.48	[[31], [31]]	[[10], [10]]	[[31], [31]]
110	33.0	27.0	30.0	33.0	0.873	0.536	7.95136	2.15624	5.25	8.07	[[33, 27], [30, 33]]	[[11], [10]]	[[33], [30]]
111	33.0	32.0	31.0	45.0	2.5845	0.2475	0.859919	2.13289	5.35	7.25	[[33, 32], [31, 45]]	[[10], [15]]	[[33, 32], [31, 45]]
112	33.0	36.0	30.0	41.0	0.666	0.7086	1.15797	-99.0	4.52	7.56	[[33, 36], [30, 41]]	[[12], [13]]	[[], []]
113	31.0	29.0	30.0	29.0	1.122	0.2416	0.503065	2.66187	5.88	9.16	[[29], [29]]	[[9], [9]]	[[31], [30]]
114	32.0	31.0	29.0	30.0	1.02	0.491	2.58745	0.672946	7.53	7.8	[[32], [29]]	[[10], [10]]	[[31], [30]]
115	33.0	33.0	30.0	34.0	0.423	0.7306	1.48327	1.24116	3.37	9.56	[[33], [30]]	[[11], [10]]	[[33], [30]]
116	32.0	27.0	32.0	23.0	2.788	0.737	0.534186	4.46428	7.05	9.54	[[27, 32], [23, 32]]	[[9], [7]]	[[27, 32], [23, 32]]
117	31.0	29.0	30.0	33.0	1.216	1.215	13.8338	0.954506	3.64	4.85	[[31], [30]]	[[10], [10]]	[[31], [30]]
118	32.0	31.0	30.0	31.0	0.33	1.173	0.940852	0.903975	7.08	6.02	[[31], [31]]	[[10], [10]]	[[32], [30]]
119	33.0	26.0	32.0	35.0	0.465	0.5344	1.00422	15.1517	7.66	8.0	[[26], [35]]	[[8], [11]]	[[26], [35]]
120	34.0	39.0	32.0	41.0	1.033	0.721	3.5126	0.794751	8.6	7.92	[[34, 39], [32, 41]]	[[11], [10]]	[[34, 39], [32, 41]]
121	32.0	25.0	30.0	34.0	0.273	0.346	0.604612	1.84528	6.06	5.67	[[32, 25], [30, 34]]	[[], []]	[[32, 25], [30, 34]]
122	33.0	29.0	32.0	36.0	0.4247	0.632	1.22263	0.775028	8.58	6.64	[[33, 29], [32, 36]]	[[11], [10]]	[[33, 29], [32, 36]]
123	31.0	22.0	31.0	38.0	1.021	1.8834	0.984821	0.442366	6.43	4.78	[[31, 22], [31, 38]]	[[10], [10]]	[[31, 22], [31, 38]]
124	34.0	43.0	33.0	35.0	0.911	1.346	0.42619	0.659956	6.57	5.43	[[34, 43], [33, 35]]	[[11], [11]]	[[34, 43], [33, 35]]
125	33.0	20.0	32.0	33.0	0.759	0.927	0.858671	0.51015	8.54	6.35	[[33, 20], [32, 33]]	[[11], [10]]	[[33, 20], [32, 33]]
126	32.0	21.0	32.0	39.0	0.736	2.4481	8.752	0.435023	6.26	4.95	[[32, 21], [32, 39]]	[[10], [10]]	[[32], [32]]
127	34.0	37.0	34.0	36.0	1.191	0.519	0.488884	1.95012	7.93	5.08	[[37], [36]]	[[11], [11]]	[[37], [36]]
128	30.0	31.0	30.0	36.0	0.981	1.203	0.725237	0.177893	4.93	7.1	[[30, 31], [30, 36]]	[[10], [10]]	[[30], [30]]
129	32.0	43.0	30.0	36.0	0.687	2.118	0.905358	0.513796	5.47	8.27	[[32, 43], [30, 36]]	[[14], [12]]	[[32, 43], [30, 36]]
130	33.0	18.0	31.0	30.0	0.418	0.6219	50.6688	4.9731	5.96	5.23	[[18, 33], [30, 31]]	[[11], [10]]	[[33], [31]]
131	32.0	26.0	32.0	42.0	1.319	0.8	0.609783	0.793811	6.28	7.31	[[32, 26], [32, 42]]	[[8], [14]]	[[32, 26], [32, 42]]
132	34.0	19.0	31.0	32.0	1.122	0.29	0.649196	3.10226	4.68	9.5	[[34, 19], [31, 32]]	[[6], [10]]	[[19, 34], [32, 31]]
133	33.0	32.0	30.0	35.0	0.906	0.9706	0.632149	3.10074	8.38	7.63	[[32], [35]]	[[10], [11]]	[[32], [35]]
134	32.0	23.0	30.0	40.0	0.97	1.526	0.687502	1.12573	8.26	5.78	[[32, 23], [30, 40]]	[[7], [13]]	[[32, 23], [30, 40]]
135	33.0	36.0	30.0	40.0	0.665	0.125	0.997226	1.39055	7.56	8.07	[[33, 36], [30, 40]]	[[12], [13]]	[[33, 36], [30, 40]]
136	33.0	31.0	31.0	33.0	0.957	3.193	1.14333	0.498286	5.83	3.78	[[33], [31]]	[[10], [11]]	[[33], [31]]
137	33.0	34.0	32.0	32.0	1.903	2.573	0.628544	0.33044	5.58	4.7	[[33], [32]]	[[11], [10]]	[[34], [32]]
138	32.0	24.0	31.0	29.0	0.451	1.613	0.502772	0.329478	8.55	5.11	[[24, 32], [29, 31]]	[[10], [10]]	[[24, 32], [29, 31]]
139	33.0	25.0	33.0	22.0	1.011	0.5368	1.53051	14.4865	8.29	7.18	[[25], [22]]	[[8], [7]]	[[25], [22]]
140	33.0	39.0	32.0	35.0	1.221	1.203	2.6122	0.177893	5.26	7.1	[[33, 39], [32, 35]]	[[11], [10]]	[[33], [32]]
141	33.0	27.0	31.0	19.0	1.032	0.906	1.21397	0.632149	6.77	8.38	[[27, 33], [19, 31]]	[[11], [10]]	[[27, 33], [19, 31]]
142	33.0	20.0	30.0	30.0	4.811	1.052	1.0135	0.602957	5.92	4.82	[[20, 33], [30, 30]]	[[11], [10]]	[[20, 33], [30, 30]]
143	31.0	28.0	30.0	36.0	0.852	1.8834	1.16157	0.442366	9.83	4.78	[[31, 28], [30, 36]]	[[10], [10]]	[[31, 28], [30, 36]]
144	31.0	33.0	29.0	41.0	0.297	0.593	1.00926	0.420784	9.25	5.58	[[31, 33], [29, 41]]	[[10], [9]]	[[31, 33], [29, 41]]
145	33.0	20.0	32.0	36.0	1.052	0.512	0.602957	1.06647	4.82	3.32	[[33, 20], [32, 36]]	[[6], [12]]	[[20], [36]]
146	32.0	28.0	30.0	37.0	0.783	0.548	2.51086	2.22923	5.02	7.91	[[32, 28], [30, 37]]	[[10], [10]]	[[32, 28], [30, 37]]
147	32.0	19.0	29.0	34.0	1.628	1.9213	0.474165	0.280409	9.43	4.34	[[32, 19], [29, 34]]	[[10, 6], [9, 11]]	[[32, 19], [29, 34]]
148	33.0	17.0	32.0	39.0	0.703	2.402	0.967614	0.381888	9.91	5.32	[[33, 17], [32, 39]]	[[11, 5], [10, 13]]	[[33, 17], [32, 39]]
149	33.0	22.0	30.0	30.0	1.035	0.533	0.422564	1.00179	5.8	5.8	[[22, 33], [30, 30]]	[[7], [10]]	[[22, 33], [30, 30]]
150	32.0	31.0	30.0	33.0	0.6657	0.975	1.40807	2.95872	7.65	6.92	[[31], [33]]	[[10], [11]]	[[31], [33]]
151	33.0	24.0	30.0	29.0	0.887	0.687	0.476	0.905358	6.69	5.47	[[24, 33], [29, 30]]	[[8], [9]]	[[24, 33], [29, 30]]
152	32.0	24.0	32.0	25.0	0.677	0.5453	1.81447	7.35132	6.99	4.66	[[24, 32], [25, 32]]	[[8], [8]]	[[24], [25]]
153	32.0	25.0	29.0	28.0	0.135	0.324	0.720634	1.32656	6.25	6.93	[[25, 32], [28, 29]]	[[8], [9]]	[[25, 32], [28, 29]]
154	32.0	22.0	33.0	30.0	1.9403	1.308	1.08691	0.228312	4.25	4.19	[[22, 32], [30, 33]]	[[10], [11]]	[[32], [33]]
155	32.0	20.0	30.0	26.0	1.254	1.363	0.255874	0.690843	4.15	9.2	[[20, 20, 32], [26, 26, 30]]	[[6], [8]]	[[20, 32], [26, 30]]
156	33.0	20.0	30.0	41.0	0.306	0.2135	1.04433	204.163	8.22	7.49	[[20], [41]]	[[6], [13]]	[[20], [41]]
157	33.0	36.0	33.0	38.0	0.887	0.299	0.476	2.77478	6.69	6.53	[[36], [38]]	[[12], [12]]	[[33, 36], [33, 38]]
158	35.0	36.0	30.0	48.0	0.546	2.484	7.57406	0.542781	9.26	7.41	[[35, 36], [30, 48]]	[[11], [10]]	[[35], [30]]
159	32.0	27.0	29.0	29.0	1.97	1.536	0.556482	0.416352	4.96	8.76	[[32], [29]]	[[9], [9]]	[[32], [29]]
160	32.0	26.0	30.0	31.0	1.9622	3.731	0.791286	0.688963	7.93	4.69	[[32, 26], [30, 31]]	[[8], [10]]	[[26], [31]]
161	33.0	25.0	33.0	36.0	2.525	2.595	2.17064	1.1001	7.89	9.72	[[33, 25], [33, 36]]	[[11], [11]]	[[33, 25], [33, 36]]
162	33.0	37.0	31.0	47.0	0.729	0.579	0.541984	0.449507	6.44	7.47	[[33, 37], [31, 47]]	[[11, 12], [10, 15]]	[[33, 37], [31, 47]]
163	34.0	24.0	30.0	30.0	1.51	0.5218	0.657431	16.3933	8.62	6.59	[[24], [30]]	[[8], [10]]	[[24], [30]]
164	32.0	25.0	32.0	41.0	1.72	0.638	0.500253	0.263883	8.84	3.23	[[32, 25], [32, 41]]	[[8], [13]]	[[32, 25], [32, 41]]
165	31.0	18.0	31.0	40.0	1.039	1.06	2.95084	0.742519	5.76	5.29	[[31, 18], [31, 40]]	[[10], [10]]	[[31], [31]]
166	32.0	35.0	30.0	44.0	2.211	0.334	0.608383	0.808169	6.95	5.54	[[32, 35], [30, 44]]	[[10, 11], [10, 14]]	[[32, 35], [30, 44]]
167	35.0	33.0	33.0	40.0	1.511	1.096	1.01774	0.913065	8.29	8.34	[[35, 33], [33, 40]]	[[11], [13]]	[[35, 35, 33], [33, 33, 40]]
168	33.0	30.0	32.0	31.0	1.461	0.497	0.44524	1.19279	7.74	8.04	[[30], [31]]	[[10], [10]]	[[33], [32]]
169	31.0	34.0	29.0	37.0	0.136	2.1336	1.43996	0.333094	9.25	6.17	[[31, 34], [29, 37]]	[[10], [9]]	[[31, 34], [29, 37]]
170	31.0	32.0	31.0	31.0	1.188	0.891	0.584737	1.89084	7.94	8.72	[[32], [31]]	[[10], [10]]	[[32], [31]]
171	33.0	26.0	31.0	42.0	0.701	0.975	1.00573	2.69511	5.45	7.15	[[33, 26], [31, 42]]	[[8], [14]]	[[33, 26], [31, 42]]
172	32.0	27.0	32.0	33.0	2.582	1.542	0.363249	0.431802	8.14	6.3	[[32], [32]]	[[9], [11]]	[[27], [33]]
173	31.0	31.0	30.0	32.0	0.273	0.667	0.604612	11.187	6.06	6.02	[[31], [32]]	[[10], [10]]	[[31], [32]]
174	33.0	26.0	30.0	44.0	2.688	1.42	0.647214	0.204845	4.28	5.45	[[33, 26], [30, 44]]	[[11], [10]]	[[33], [30]]
175	31.0	19.0	30.0	35.0	0.735	1.98	9.58308	0.10961	4.69	4.25	[[31, 19], [30, 35]]	[[10], [10]]	[[31], [30]]
176	33.0	27.0	32.0	29.0	1.308	0.86	0.271635	0.86388	4.78	9.99	[[27, 33], [29, 32]]	[[9], [9]]	[[27, 33], [29, 32]]
177	31.0	22.0	30.0	32.0	0.548	0.735	0.902731	16.9225	3.15	6.7	[[31, 22], [30, 32]]	[[7], [10]]	[[31, 22], [30, 32]]
178	30.0	15.0	30.0	33.0	0.729	0.735	7.12394	7.61735	5.67	6.92	[[30, 15], [30, 33]]	[[10, 5], [10, 11]]	[[30, 15], [30, 33]]
179	31.0	27.0	30.0	45.0	1.188	0.5453	0.62662	7.35132	4.66	4.66	[[31, 27], [30, 45]]	[[9], [15]]	[[27], [45]]
180	31.0	18.0	30.0	22.0	0.619	0.403	2.26477	0.583495	7.72	3.75	[[18, 31], [22, 30]]	[[10], [10]]	[[18, 31], [22, 30]]
181	32.0	17.0	31.0	24.0	1.299	0.368	0.334642	6.68551	6.82	7.0	[[17], [24]]	[[5], [8]]	[[17], [24]]
182	34.0	26.0	32.0	43.0	1.8761	0.526	1.54913	0.877691	8.77	6.22	[[34, 26], [32, 43]]	[[11, 8], [10, 14]]	[[34, 26], [32, 43]]
183	32.0	16.0	33.0	31.0	1.621	0.665	0.293749	5.79587	8.5	6.36	[[16], [31]]	[[5], [10]]	[[16], [31]]
184	31.0	21.0	34.0	37.0	1.518	1.473	0.999589	0.431899	9.2	6.04	[[31, 21], [34, 37]]	[[10], [11]]	[[31, 21], [34, 37]]
185	33.0	39.0	32.0	36.0	1.036	1.6011	0.966076	0.604918	6.11	8.02	[[33, 39], [32, 36]]	[[11], [10]]	[[33, 39], [32, 36]]
186	33.0	27.0	30.0	38.0	1.0394	0.731	2.13684	4.99158	6.11	9.43	[[33, 27], [30, 38]]	[[9], [12]]	[[33, 27], [30, 38]]
187	32.0	29.0	31.0	38.0	2.5554	1.964	0.485969	0.484341	6.91	9.26	[[32, 29], [31, 38]]	[[10], [10]]	[[32, 29], [31, 38]]
188	31.0	43.0	32.0	44.0	1.251	0.731	0.711588	3.88096	8.23	5.49	[[31, 43], [32, 44]]	[[14], [14]]	[[43], [44]]
189	32.0	29.0	30.0	28.0	0.738	0.7322	2.72068	2.56539	5.4	9.56	[[29, 32], [28, 30]]	[[9], [9]]	[[32], [30]]
190	33.0	29.0	32.0	42.0	0.733	0.863	1.79422	0.701922	6.09	5.39	[[33, 29], [32, 42]]	[[11], [10]]	[[33, 29], [32, 42]]
191	32.0	22.0	32.0	32.0	0.4076	0.992	4.73522	0.75507	8.32	6.49	[[22, 32], [32, 32]]	[[10], [10]]	[[22, 32], [32, 32]]
192	34.0	15.0	31.0	31.0	2.516	0.525	0.583255	4.55869	9.46	6.34	[[34, 15], [31, 31]]	[[5, 11], [10, 10]]	[[15], [31]]
193	31.0	22.0	31.0	37.0	0.884	1.903	0.989105	0.628544	8.03	5.58	[[31, 22], [31, 37]]	[[10], [10]]	[[31, 22], [31, 37]]
194	33.0	28.0	31.0	39.0	0.509	0.548	1.1146	0.902731	8.3	3.15	[[33, 28], [31, 39]]	[[9], [13]]	[[33, 28], [31, 39]]
195	31.0	23.0	30.0	40.0	1.176	1.764	0.158392	2.01342	7.63	4.9	[[23], [40]]	[[7], [13]]	[[23], [40]]
196	33.0	24.0	32.0	35.0	1.994	1.096	0.157456	6.92251	6.28	6.49	[[24], [35]]	[[8], [11]]	[[24], [35]]
197	33.0	30.0	31.0	30.0	0.901	0.955	0.944593	4.95381	7.3	7.23	[[30], [30]]	[[10], [10]]	[[33], [31]]
198	32.0	32.0	30.0	32.0	0.742	1.122	5.58977	0.649196	5.29	4.68	[[32], [30]]	[[10], [10]]	[[32], [30]]
199	32.0	20.0	30.0	36.0	0.145	0.5246	116.428	3.89227	9.25	9.49	[[32, 20], [30, 36]]	[[10], [10]]	[[32], [30]]
200	32.0	25.0	31.0	33.0	1.238	0.731	0.645726	3.88096	8.85	5.49	[[25], [33]]	[[8], [11]]	[[25], [33]]
201	33.0	22.0	31.0	37.0	1.179	1.594	1.77476	0.338029	7.98	7.82	[[33], [31]]	[[11], [10]]	[[33, 22], [31, 37]]
202	32.0	19.0	33.0	22.0	2.006	0.367	0.381227	5.94591	5.85	7.18	[[19, 32], [22, 33]]	[[6], [7]]	[[19], [22]]
203	33.0	19.0	32.0	36.0	1.617	0.548	0.446546	2.22923	5.97	7.91	[[33, 19], [32, 36]]	[[6], [12]]	[[33, 19], [32, 36]]
204	29.0	29.0	30.0	37.0	1.044	0.29	0.901916	3.10226	6.32	9.5	[[29, 29], [30, 37]]	[[9], [12]]	[[29], [37]]
205	33.0	16.0	32.0	22.0	1.624	0.737	0.130153	4.46428	4.61	9.54	[[16], [22]]	[[5], [7]]	[[16], [22]]
206	33.0	30.0	32.0	32.0	0.936	0.701	1.33685	1.00573	7.41	5.45	[[30], [32]]	[[10], [10]]	[[33], [32]]
207	30.0	28.0	30.0	36.0	1.327	1.069	1.86245	0.792617	6.53	8.04	[[30], [30]]	[[9], [12]]	[[30, 28], [30, 36]]
208	31.0	22.0	31.0	45.0	0.567	0.587	0.90921	1.45014	6.22	5.95	[[31, 22], [31, 45]]	[[7], [15]]	[[31, 22], [31, 45]]
209	31.0	23.0	30.0	28.0	0.959	2.294	0.87953	0.33879	7.91	4.06	[[23, 31], [28, 30]]	[[7], [9]]	[[23, 31], [28, 30]]
210	32.0	24.0	29.0	29.0	1.324	0.7341	2.73255	2.02938	8.63	5.51	[[24, 32], [29, 29]]	[[8], [9]]	[[24], [29]]
211	31.0	31.0	30.0	28.0	1.023	0.441	1.5099	0.849684	8.42	3.21	[[31], [28]]	[[10], [10]]	[[31], [30]]
212	32.0	21.0	31.0	27.0	0.5245	1.644	10.0813	0.225346	8.18	5.51	[[21, 32], [27, 31]]	[[10], [10]]	[[32], [31]]
213	31.0	34.0	30.0	32.0	0.817	0.49	0.70409	0.892479	7.38	3.26	[[34], [32]]	[[10], [10]]	[[34], [32]]
214	33.0	29.0	33.0	29.0	1.023	0.722	0.946861	5.73336	5.18	5.84	[[29, 33], [29, 33]]	[[9], [9]]	[[29], [29]]
215	32.0	34.0	32.0	39.0	0.8967	1.092	2.55376	0.491988	9.15	5.22	[[32, 34], [32, 39]]	[[10], [10]]	[[32, 34], [32, 39]]
216	31.0	15.0	30.0	28.0	1.6121	2.4677	0.669325	0.637651	6.5	7.7	[[15, 31], [28, 30]]	[[5, 10], [9, 10]]	[[15], [28]]
217	34.0	41.0	32.0	37.0	2.8102	1.011	0.681992	0.990137	6.26	8.59	[[34, 41], [32, 37]]	[[11], [10]]	[[34, 41], [32, 37]]
218	32.0	37.0	31.0	42.0	0.952	0.355	0.666167	1.10859	9.11	3.9	[[32, 37], [31, 42]]	[[12], [14]]	[[37], [42]]
219	33.0	30.0	30.0	35.0	0.992	0.34	0.75507	0.630707	6.49	6.54	[[33, 30], [30, 35]]	[[10], [11]]	[[33], [30]]
220	32.0	29.0	29.0	24.0	0.9706	0.961	3.10074	0.577895	7.63	6.77	[[32], [29]]	[[10], [9]]	[[32], [29]]
221	32.0	29.0	30.0	37.0	0.681	0.976	2.62631	3.55157	6.56	9.77	[[32], [30]]	[[10], [10]]	[[32], [30]]
222	32.0	28.0	30.0	37.0	0.967	1.073	0.414278	0.245736	4.54	9.69	[[32], [30]]	[[10], [10]]	[[32], [30]]
223	33.0	14.0	30.0	32.0	0.703	0.467	0.967614	0.897071	9.91	9.49	[[33, 14], [30, 32]]	[[4, 11], [10, 10]]	[[33, 14], [30, 32]]
224	30.0	32.0	33.0	45.0	1.621	2.573	0.293749	0.33044	8.5	4.7	[[32], [45]]	[[10, 10], [11, 15]]	[[32], [45]]
225	32.0	21.0	32.0	32.0	1.061	0.961	1.2354	0.577895	8.83	6.77	[[21, 32], [32, 32]]	[[10], [10]]	[[21, 32], [32, 32]]
226	33.0	27.0	31.0	34.0	0.593	1.613	0.420784	0.329478	5.58	5.11	[[33, 27], [31, 34]]	[[9], [11]]	[[33], [31]]
227	33.0	24.0	32.0	26.0	0.778	1.383	0.70956	1.05414	5.38	7.79	[[24, 33], [26, 32]]	[[8], [8]]	[[24, 33], [26, 32]]
228	31.0	32.0	30.0	32.0	1.128	0.756	0.358026	0.674652	7.47	3.17	[[32], [32]]	[[10], [10]]	[[32], [32]]
229	33.0	25.0	31.0	40.0	0.734	0.392	6.54027	0.700332	5.28	2.87	[[33, 25], [31, 40]]	[[11], [10]]	[[33, 25], [31, 40]]
230	33.0	31.0	31.0	30.0	1.1191	0.7712	1.49475	8.55637	9.64	6.7	[[31], [30]]	[[10], [10]]	[[31], [30]]
231	34.0	28.0	31.0	39.0	0.5482	0.416	2.29782	27.791	9.17	9.83	[[34, 28], [31, 39]]	[[9], [13]]	[[34, 28], [31, 39]]
232	31.0	24.0	30.0	34.0	0.7363	0.689	0.66406	1.3421	5.06	9.72	[[31, 24], [30, 34]]	[[8], [11]]	[[31, 24], [30, 34]]
233	32.0	35.0	32.0	37.0	0.983	1.594	0.583834	0.338029	8.24	7.82	[[32], [32]]	[[10], [10]]	[[32], [32]]
234	30.0	38.0	30.0	36.0	0.333	1.222	3.80694	2.31197	7.02	7.55	[[30, 38], [30, 36]]	[[10], [10]]	[[30, 38], [30, 36]]
235	31.0	23.0	31.0	36.0	0.734	2.458	1.2846	0.420017	4.72	7.06	[[31, 23], [31, 36]]	[[10], [10]]	[[31], [31]]
236	32.0	20.0	32.0	42.0	0.738	0.736	7.92082	5.78762	3.92	5.66	[[32, 20], [32, 42]]	[[10], [10]]	[[32, 20], [32, 42]]
237	31.0	36.0	30.0	39.0	2.019	0.736	0.466947	8.752	6.1	6.26	[[31, 36], [30, 39]]	[[12], [13]]	[[31, 36], [30, 39]]
238	33.0	21.0	32.0	35.0	1.065	0.5337	1.34041	1.09735	4.28	4.3	[[33, 21], [32, 35]]	[[7], [11]]	[[33, 21], [32, 35]]
239	32.0	20.0	31.0	42.0	0.103	2.0799	641.193	0.467637	8.22	4.62	[[32], [31]]	[[10], [10]]	[[32], [31]]
240	32.0	22.0	29.0	36.0	0.674	1.927	1.65779	0.487274	8.97	5.8	[[32, 22], [29, 36]]	[[10], [9]]	[[32, 22], [29, 36]]
241	33.0	37.0	30.0	39.0	0.863	1.222	0.701922	1.37254	5.39	5.36	[[33, 37], [30, 39]]	[[12], [13]]	[[33, 37], [30, 39]]
242	32.0	26.0	30.0	39.0	1.667	0.39	0.140831	0.934812	4.32	3.15	[[32, 26], [30, 39]]	[[8], [13]]	[[26], [39]]
243	32.0	29.0	29.0	24.0	0.802	0.733	3.08485	0.865709	8.28	5.91	[[32], [29]]	[[9], [8]]	[[32], [29]]
244	33.0	22.0	32.0	34.0	0.737	1.4156	4.3721	1.01347	8.3	5.48	[[33, 22], [32, 34]]	[[11], [10]]	[[33, 22], [32, 34]]
245	33.0	19.0	30.0	39.0	0.523	0.976	0.677442	3.55157	8.2	9.77	[[33, 19, 19], [30, 39, 39]]	[[6], [13]]	[[33, 19], [30, 39]]
246	31.0	33.0	30.0	39.0	3.4129	0.574	0.719234	8.24046	6.86	6.06	[[31, 33], [30, 39]]	[[11], [13]]	[[33], [39]]
247	34.0	29.0	31.0	35.0	0.133	0.533	0.75404	24.218	3.9	6.54	[[34, 29], [31, 35]]	[[9], [11]]	[[29], [35]]
248	31.0	27.0	29.0	30.0	2.803	1.526	0.565903	1.12573	8.44	5.78	[[27], [30]]	[[9], [10]]	[[27], [30]]
249	34.0	34.0	30.0	45.0	0.677	1.591	-99.0	0.557922	5.7	7.18	[[34, 34], [30, 45]]	[[11], [10]]	[[34], [30]]
250	31.0	29.0	30.0	41.0	1.041	0.683	2.32946	1.662	5.68	7.74	[[31, 29], [30, 41]]	[[9], [13]]	[[31, 29], [30, 41]]
251	29.0	17.0	31.0	36.0	0.5246	1.9213	2.80325	0.280409	5.15	4.34	[[29, 17], [31, 36]]	[[9], [10]]	[[29], [31]]
252	32.0	30.0	33.0	31.0	1.154	0.632	0.838487	4.25726	9.25	7.56	[[30], [31]]	[[10], [10]]	[[30], [31]]
253	33.0	18.0	32.0	34.0	1.043	1.66	2.87864	0.524459	7.0	5.79	[[33, 18], [32, 34]]	[[11], [10]]	[[33, 18], [32, 34]]
254	32.0	19.0	29.0	40.0	1.139	0.979	0.968082	1.51132	7.04	5.49	[[32, 19], [29, 40]]	[[6], [13]]	[[32, 19], [29, 40]]
255	32.0	18.0	30.0	29.0	1.032	1.311	1.21397	2.22005	6.77	7.65	[[18, 32], [29, 30]]	[[6, 10], [9, 10]]	[[18, 32], [29, 30]]
256	32.0	21.0	32.0	40.0	1.604	0.573	0.219937	1.63987	7.9	7.56	[[32, 21], [32, 40]]	[[7], [13]]	[[21], [40]]
257	31.0	41.0	29.0	41.0	1.505	0.216	0.319985	112.324	5.66	9.92	[[41], [41]]	[[13], [13]]	[[41], [41]]
258	34.0	33.0	34.0	41.0	0.546	3.0762	7.57406	1.19988	9.26	7.67	[[34, 33], [34, 41]]	[[11], [11]]	[[34], [34]]
259	32.0	20.0	31.0	38.0	3.0762	1.379	1.19988	1.32458	7.67	6.67	[[32, 20], [31, 38]]	[[6], [12]]	[[32, 20], [31, 38]]
260	31.0	32.0	30.0	37.0	1.009	1.113	1.01234	1.531	5.44	8.69	[[31, 32], [30, 37]]	[[10], [10]]	[[31, 32], [30, 37]]
261	32.0	44.0	30.0	32.0	1.297	2.391	0.657879	0.129058	5.78	3.83	[[32, 44], [30, 32]]	[[10], [10]]	[[32], [30]]
262	30.0	18.0	31.0	21.0	0.735	1.069	7.38786	0.792617	6.3	8.04	[[18, 30], [21, 31]]	[[10], [10]]	[[30], [31]]
263	32.0	25.0	30.0	35.0	2.388	1.06	0.365485	0.742519	6.0	5.29	[[32, 25], [30, 35]]	[[8], [11]]	[[32, 25], [30, 35]]
264	32.0	31.0	32.0	38.0	0.707	1.383	1.27526	1.05414	6.06	7.79	[[32, 31], [32, 38]]	[[10], [12]]	[[32, 31], [32, 38]]
265	31.0	24.0	10.0	26.0	2.4799	0.975	0.400254	2.95872	7.71	6.92	[[31, 24], [10, 26]]	[[8], [8]]	[[24], [26]]
266	33.0	26.0	32.0	41.0	0.72	0.459	2.12995	1.70088	5.84	8.98	[[33, 26], [32, 41]]	[[11], [10]]	[[33, 26], [32, 41]]
267	33.0	30.0	32.0	39.0	1.889	0.344	0.225302	2.66738	7.0	7.97	[[33, 30], [32, 39]]	[[10], [13]]	[[30], [39]]
268	32.0	34.0	30.0	36.0	1.135	0.3837	0.636323	8.11764	5.03	6.21	[[34], [36]]	[[11], [12]]	[[34], [36]]
269	31.0	22.0	30.0	23.0	0.953	0.731	8.7066	4.99158	6.25	9.43	[[22, 31], [23, 30]]	[[7], [7]]	[[22, 31], [23, 30]]
270	32.0	27.0	30.0	27.0	0.566	0.4247	16.9203	1.22263	5.43	8.58	[[32], [30]]	[[10], [10]]	[[32], [30]]
271	33.0	21.0	32.0	36.0	0.323	2.08	0.799366	0.442541	4.88	4.72	[[33, 21], [32, 36]]	[[], []]	[[33, 21], [32, 36]]
272	32.0	28.0	30.0	25.0	0.236	1.005	1.08151	0.465907	6.08	4.92	[[32], [30]]	[[10], [10]]	[[32], [30]]
273	31.0	24.0	30.0	31.0	1.62	1.037	0.434846	4.54489	5.12	3.91	[[24], [31]]	[[8], [10]]	[[24], [31]]
274	34.0	27.0	34.0	33.0	1.964	0.604	0.484341	6.63124	9.26	5.17	[[27], [33]]	[[9], [11]]	[[27], [33]]
275	32.0	17.0	29.0	32.0	4.811	1.617	1.0135	3.36536	5.92	4.0	[[32, 17], [29, 32]]	[[5], [10]]	[[17], [32]]
276	31.0	25.0	30.0	21.0	0.322	0.6219	3.24516	4.9731	8.08	5.23	[[25, 31], [21, 30]]	[[8], [7]]	[[25, 31], [21, 30]]
277	33.0	25.0	32.0	39.0	1.755	0.617	0.22039	0.601675	5.37	6.21	[[33, 25], [32, 39]]	[[8], [13]]	[[33, 25], [32, 39]]
278	32.0	30.0	32.0	36.0	2.539	1.019	0.821628	1.76936	8.67	6.04	[[30], [36]]	[[10], [12]]	[[30], [36]]
279	32.0	39.0	30.0	35.0	0.667	1.6105	8.90898	1.27332	6.14	6.75	[[32, 39], [30, 35]]	[[10], [10]]	[[32], [30]]
280	31.0	27.0	29.0	36.0	0.367	1.016	0.707436	1.14666	5.97	6.43	[[31, 27], [29, 36]]	[[9], [12]]	[[31, 27], [29, 36]]
281	30.0	30.0	30.0	41.0	0.3471	0.684	21.967	3.30342	9.58	5.04	[[30, 30], [30, 41]]	[[10], [10]]	[[30], [30]]
282	31.0	32.0	31.0	31.0	2.4403	1.303	1.38357	0.651066	7.45	5.77	[[31], [31]]	[[10], [10]]	[[32], [31]]
283	32.0	35.0	30.0	46.0	2.514	0.516	0.350636	0.947471	5.45	8.38	[[32, 35], [30, 46]]	[[10, 11], [10, 15]]	[[32, 35], [30, 46]]
284	33.0	14.0	28.0	29.0	2.349	1.018	0.595946	4.58889	8.72	7.27	[[33, 14], [28, 29]]	[[4], [9]]	[[14], [29]]
285	30.0	32.0	29.0	32.0	0.547	0.5218	0.464235	16.3933	4.16	6.59	[[32], [32]]	[[10], [10]]	[[32], [32]]
286	33.0	21.0	32.0	34.0	1.108	0.726	0.695961	6.02802	8.77	6.44	[[33, 21], [32, 34]]	[[7], [11]]	[[21], [34]]
287	32.0	14.0	28.0	35.0	0.7322	0.524	2.56539	11.7933	9.56	6.37	[[32, 14], [28, 35]]	[[4], [11]]	[[14], [35]]
288	35.0	31.0	30.0	31.0	2.03	1.397	0.378666	0.815974	9.0	9.08	[[31], [31]]	[[10], [10]]	[[31], [31]]
289	33.0	35.0	30.0	42.0	0.29	0.518	3.10226	1.02961	9.5	6.95	[[33, 35], [30, 42]]	[[11], [10]]	[[33], [30]]
290	31.0	24.0	30.0	33.0	1.122	1.096	0.503065	6.92251	5.88	6.49	[[31, 24], [30, 33]]	[[8], [11]]	[[31, 24], [30, 33]]
291	32.0	30.0	31.0	42.0	1.6042	0.482	1.37335	1.86091	6.59	7.36	[[32, 30], [31, 42]]	[[10], [14]]	[[30], [42]]
292	33.0	32.0	30.0	29.0	1.098	0.392	1.19238	0.700332	9.08	2.87	[[32], [29]]	[[10], [9]]	[[33], [30]]
293	32.0	21.0	31.0	27.0	2.4403	1.438	1.38357	0.348896	7.45	5.16	[[21, 32], [27, 31]]	[[10], [10]]	[[32], [31]]
294	32.0	28.0	30.0	45.0	1.198	0.273	0.700794	0.604612	5.1	6.06	[[32, 28], [30, 45]]	[[10, 9], [10, 15]]	[[32, 28], [30, 45]]
295	31.0	30.0	30.0	31.0	1.024	0.536	1.20375	8.83471	6.18	5.34	[[30], [31]]	[[10], [10]]	[[30], [31]]
296	32.0	34.0	29.0	36.0	0.441	0.715	0.849684	1.49409	3.21	8.13	[[32, 34], [29, 36]]	[[10], [9]]	[[32, 34], [29, 36]]
297	34.0	23.0	32.0	22.0	1.368	1.662	2.38694	0.586948	6.55	8.75	[[34], [32]]	[[11], [10]]	[[34], [32]]
298	29.0	31.0	31.0	25.0	2.919	1.72	0.549344	0.500253	9.0	8.84	[[31, 29], [25, 31]]	[[9], [10]]	[[31], [25]]
299	33.0	30.0	32.0	31.0	1.866	0.459	0.568842	1.70088	5.24	8.98	[[33], [32]]	[[10], [10]]	[[33], [32]]
300	30.0	23.0	28.0	35.0	2.693	2.536	0.488883	0.878338	9.46	4.64	[[30, 23], [28, 35]]	[[7], [11]]	[[23], [35]]
301	33.0	26.0	30.0	34.0	0.248	0.623	0.678239	0.678028	3.15	7.64	[[33, 26], [30, 34]]	[[8], [11]]	[[33, 26], [30, 34]]
302	28.0	21.0	31.0	32.0	0.7322	0.802	2.56539	3.08485	9.56	8.28	[[28, 21], [31, 32]]	[[9], [10]]	[[21, 28, 21], [32, 31, 32]]
303	34.0	18.0	31.0	24.0	0.631	0.666	1.6647	7.40094	8.65	6.32	[[18, 34], [24, 31]]	[[6], [8]]	[[18, 34], [24, 31]]
304	33.0	21.0	31.0	34.0	0.938	1.727	2.79355	1.60041	5.89	5.03	[[33, 21], [31, 34]]	[[11], [10]]	[[33, 21], [31, 34]]
305	32.0	38.0	29.0	37.0	0.883	0.737	1.5466	3.1494	7.63	5.65	[[32, 38], [29, 37]]	[[10], [9]]	[[32, 38], [29, 37]]
306	30.0	25.0	30.0	34.0	0.894	0.3838	3.30476	43.2837	5.45	6.14	[[25], [34]]	[[8], [11]]	[[25], [34]]
307	31.0	22.0	30.0	30.0	0.29	1.149	3.10226	0.644746	9.5	6.65	[[22, 31], [30, 30]]	[[10], [10]]	[[22, 31, 22], [30, 30, 30]]
308	35.0	38.0	30.0	34.0	1.854	0.491	0.736813	0.672946	7.89	7.8	[[35], [30]]	[[11], [10]]	[[35, 38], [30, 34]]
309	30.0	27.0	29.0	22.0	2.3036	0.974	1.2518	0.427946	6.5	5.05	[[27, 30], [22, 29]]	[[10], [9]]	[[30], [29]]
310	30.0	27.0	29.0	34.0	0.467	0.733	0.878472	6.20716	3.55	5.26	[[30, 27], [29, 34]]	[[9], [11]]	[[27], [34]]
311	32.0	23.0	29.0	41.0	2.018	2.753	0.291599	0.561781	8.7	9.08	[[32, 23], [29, 41]]	[[7], [13]]	[[23], [41]]
312	31.0	41.0	30.0	41.0	1.573	0.953	0.100436	1.30776	4.26	6.72	[[31, 41], [30, 41]]	[[10, 13], [10, 13]]	[[41], [41]]
313	31.0	31.0	30.0	41.0	0.664	0.707	5.16673	1.27526	5.94	6.06	[[31, 31], [30, 41]]	[[10], [10]]	[[31], [30]]
314	32.0	19.0	29.0	28.0	1.124	0.547	0.854996	0.464235	7.78	4.16	[[19, 32], [28, 29]]	[[6], [9]]	[[19, 32], [28, 29]]
315	33.0	16.0	33.0	27.0	2.111	0.841	0.176366	0.50575	4.4	6.56	[[16], [27]]	[[5, 11], [9, 11]]	[[16], [27]]
316	32.0	38.0	32.0	40.0	0.7	0.896	1.74387	5.38452	7.12	8.55	[[32, 38], [32, 40]]	[[12], [13]]	[[32, 38], [32, 40]]
317	32.0	17.0	30.0	29.0	1.8761	2.071	1.54913	0.120235	8.77	5.64	[[32], [30]]	[[10], [10]]	[[32], [30]]
318	31.0	20.0	31.0	34.0	0.482	1.188	0.941223	0.584737	9.07	7.94	[[31, 20], [31, 34]]	[[6], [11]]	[[31, 20], [31, 34]]
319	32.0	35.0	32.0	45.0	0.737	0.482	4.46428	1.86091	9.54	7.36	[[32, 35], [32, 45]]	[[10], [10]]	[[32, 35], [32, 45]]
320	33.0	28.0	30.0	41.0	0.668	1.085	1.47458	0.616696	7.39	5.72	[[33, 28], [30, 41]]	[[11], [10]]	[[33], [30]]
321	32.0	30.0	31.0	29.0	1.103	1.098	0.84236	0.498573	7.94	5.33	[[30], [29]]	[[10], [9]]	[[32], [31]]
322	31.0	21.0	29.0	34.0	0.118	3.193	1.30769	0.498286	6.79	3.78	[[31, 21], [29, 34]]	[[10], [9]]	[[31, 21], [29, 34]]
323	31.0	33.0	30.0	39.0	0.992	0.898	1.4312	0.955573	9.64	8.62	[[31, 33], [30, 39]]	[[10], [10]]	[[31, 33], [30, 39]]
324	32.0	23.0	30.0	33.0	1.621	0.3838	0.201578	43.2837	4.85	6.14	[[23], [33]]	[[7], [11]]	[[23], [33]]
325	33.0	27.0	31.0	44.0	0.706	0.734	5.51669	44.9924	6.33	9.12	[[33, 27], [31, 44]]	[[9], [14]]	[[27], [44]]
326	34.0	28.0	30.0	39.0	0.996	0.566	1.04827	16.9203	6.92	5.43	[[34, 28], [30, 39]]	[[9], [13]]	[[28], [39]]
327	32.0	30.0	30.0	44.0	2.728	0.2416	0.166218	2.66187	3.65	9.16	[[32, 30], [30, 44]]	[[10], [14]]	[[30], [44]]
328	33.0	36.0	31.0	43.0	1.085	0.334	1.70798	0.808169	8.09	5.54	[[33, 36], [31, 43]]	[[11], [10]]	[[33, 36], [31, 43]]
329	32.0	34.0	29.0	44.0	0.968	0.31	2.34043	10.694	8.93	8.48	[[32, 34], [29, 44]]	[[11], [14]]	[[32, 34], [29, 44]]
330	32.0	22.0	29.0	28.0	0.5785	1.368	1.16585	2.38694	4.88	6.55	[[22, 32], [28, 29]]	[[7], [9]]	[[22, 32], [28, 29]]
331	32.0	36.0	30.0	33.0	0.533	0.601	1.00179	0.924227	5.8	9.88	[[32], [30]]	[[10], [10]]	[[32], [30]]
332	32.0	17.0	31.0	35.0	1.306	0.103	0.952933	641.193	4.97	8.22	[[17], [35]]	[[5], [11]]	[[17], [35]]
333	31.0	28.0	30.0	41.0	1.461	0.299	0.44524	2.76894	7.74	2.96	[[31, 28], [30, 41]]	[[9], [13]]	[[28], [41]]
334	33.0	22.0	31.0	37.0	0.77	0.392	1.31963	0.700332	9.69	2.87	[[33, 22], [31, 37]]	[[7], [12]]	[[33, 22], [31, 37]]
335	33.0	17.0	31.0	27.0	1.513	0.323	0.284997	0.799366	4.25	4.88	[[17, 33], [27, 31]]	[[5, 11], [9, 10]]	[[17, 33], [27, 31]]
336	33.0	38.0	30.0	41.0	0.353	1.473	0.827675	0.431899	8.22	6.04	[[33, 38], [30, 41]]	[[11], [10]]	[[33, 38], [30, 41]]
337	32.0	17.0	33.0	26.0	1.188	0.604	0.62662	5.63761	4.66	6.99	[[17, 32], [26, 33]]	[[5], [8]]	[[17], [26]]
338	32.0	22.0	30.0	40.0	0.579	1.6112	0.449507	0.263632	7.47	6.79	[[32, 22], [30, 40]]	[[10, 7], [10, 13]]	[[32, 22], [30, 40]]
339	33.0	25.0	29.0	36.0	1.427	2.753	0.356853	0.561781	9.08	9.08	[[33, 25], [29, 36]]	[[8], [12]]	[[33, 25], [29, 36]]
340	31.0	25.0	30.0	35.0	0.7306	0.687	1.24116	0.905358	9.56	5.47	[[31], [30]]	[[8], [11]]	[[31, 25], [30, 35]]
341	32.0	34.0	29.0	35.0	1.085	0.738	0.616696	11.6073	5.72	6.5	[[34], [35]]	[[10], [9]]	[[34], [35]]
342	31.0	37.0	30.0	45.0	2.211	0.992	0.608383	1.66293	6.95	8.32	[[31, 37], [30, 45]]	[[12], [15]]	[[31, 37], [30, 45]]
343	33.0	36.0	32.0	31.0	0.587	0.39	1.45014	0.934812	5.95	3.15	[[36], [31]]	[[11], [10]]	[[36], [31]]
344	31.0	17.0	30.0	40.0	1.166	0.733	1.60713	6.20716	5.98	5.26	[[31, 17], [30, 40]]	[[5], [13]]	[[17], [40]]
345	30.0	21.0	31.0	40.0	1.4151	2.404	0.448087	0.675618	6.44	8.93	[[30, 21, 21], [31, 40, 40]]	[[7], [13]]	[[30, 21], [31, 40]]
346	32.0	36.0	31.0	35.0	0.68	0.7306	4.78845	1.24116	5.04	9.56	[[32], [31]]	[[10], [10]]	[[32], [31]]
347	31.0	32.0	29.0	38.0	1.924	0.665	0.629759	18.6732	5.51	6.26	[[31, 32], [29, 38]]	[[10], [12]]	[[32], [38]]
348	32.0	39.0	29.0	34.0	0.48	0.665	1.50654	18.6732	3.26	6.26	[[32, 39], [29, 34]]	[[13], [11]]	[[39], [34]]
349	33.0	21.0	32.0	34.0	0.236	1.319	1.08151	0.609783	6.08	6.28	[[33, 21], [32, 34]]	[[11], [10]]	[[33, 21], [32, 34]]
350	34.0	29.0	33.0	41.0	1.612	0.2135	1.02961	204.163	7.25	7.49	[[29], [41]]	[[9], [13]]	[[29], [41]]
351	32.0	16.0	30.0	35.0	0.366	0.684	28.7348	0.79013	5.84	5.35	[[32, 16], [30, 35]]	[[10], [10]]	[[32], [30]]
352	32.0	16.0	31.0	33.0	1.658	0.736	0.198827	3.5268	6.62	4.69	[[16], [33]]	[[5], [11]]	[[16], [33]]
353	34.0	25.0	31.0	28.0	0.531	1.309	2.25041	0.455186	6.74	4.79	[[25, 34], [28, 31]]	[[11], [10]]	[[25, 34], [28, 31]]
354	31.0	30.0	30.0	36.0	0.863	0.951	0.701922	2.31652	5.39	5.43	[[31, 30], [30, 36]]	[[10], [12]]	[[31, 30], [30, 36]]
355	34.0	24.0	29.0	43.0	1.034	1.911	1.30614	1.01444	6.95	9.65	[[34, 24], [29, 43]]	[[11, 8], [9, 14]]	[[34, 24], [29, 43]]
356	33.0	26.0	30.0	25.0	1.9622	2.319	0.791286	0.413943	7.93	5.8	[[26, 33], [25, 30]]	[[11], [10]]	[[26, 33], [25, 30]]
357	32.0	22.0	30.0	36.0	0.528	0.604	15.8051	5.63761	5.95	6.99	[[32, 22], [30, 36]]	[[10], [10]]	[[32, 22], [30, 36]]
358	30.0	21.0	30.0	25.0	2.211	0.736	0.608383	5.78762	6.95	5.66	[[21, 30], [25, 30]]	[[7], [8]]	[[21, 30], [25, 30]]
359	29.0	37.0	29.0	40.0	1.552	1.037	1.25013	3.75165	8.84	8.17	[[29, 37], [29, 40]]	[[12], [13]]	[[37], [40]]
360	31.0	27.0	30.0	41.0	0.529	1.206	0.698888	1.2603	5.41	5.21	[[31, 27], [30, 41]]	[[9], [13]]	[[31, 27], [30, 41]]
361	31.0	39.0	30.0	39.0	0.247	0.5785	82.0064	1.16585	6.53	4.88	[[31, 39], [30, 39]]	[[10], [10]]	[[31], [30]]
362	30.0	26.0	30.0	29.0	0.708	1.317	0.623655	1.50355	3.91	6.49	[[26, 30], [29, 30]]	[[8], [9]]	[[30], [30]]
363	34.0	30.0	31.0	41.0	1.362	0.2764	0.737767	9.24573	8.1	6.54	[[34, 30], [31, 41]]	[[10], [13]]	[[30], [41]]
364	30.0	31.0	29.0	42.0	0.975	0.674	2.69511	1.65779	7.15	8.97	[[30, 31], [29, 42]]	[[10, 10], [9, 14]]	[[30, 31], [29, 42]]
365	34.0	32.0	30.0	46.0	0.5785	1.806	1.16585	0.578541	4.88	4.93	[[34, 32], [30, 46]]	[[11], [10]]	[[34, 32], [30, 46]]
366	33.0	28.0	32.0	30.0	1.164	0.573	0.59091	1.63987	5.68	7.56	[[28], [30]]	[[9], [10]]	[[28], [30]]
367	26.0	24.0	50.0	40.0	1.314	0.668	0.186183	14.2237	5.27	5.55	[[24], [40]]	[[8], [13]]	[[24], [40]]
368	33.0	22.0	33.0	41.0	1.764	0.604	2.01342	5.63761	4.9	6.99	[[33, 22], [33, 41]]	[[7], [13]]	[[33, 22], [33, 41]]
369	33.0	20.0	31.0	39.0	0.2415	0.667	2.56394	8.90898	6.53	6.14	[[33, 20], [31, 39]]	[[6], [13]]	[[33, 20], [31, 39]]
370	31.0	22.0	29.0	23.0	1.305	0.7318	0.303148	8.72595	7.21	6.32	[[22, 31], [23, 29]]	[[7], [7]]	[[22], [23]]
371	31.0	20.0	31.0	26.0	0.5245	1.297	10.0813	0.657879	8.18	5.78	[[20, 31], [26, 31]]	[[10], [10]]	[[31], [31]]
372	34.0	43.0	32.0	41.0	0.49	1.188	0.892479	0.62662	3.26	4.66	[[34, 43], [32, 41]]	[[11], [10]]	[[34], [32]]
373	33.0	25.0	31.0	43.0	1.609	2.539	0.77102	0.180944	6.66	4.61	[[33, 25], [31, 43]]	[[11, 8], [10, 14]]	[[33, 25], [31, 43]]
374	32.0	31.0	29.0	44.0	0.133	0.837	0.75404	19.9532	3.9	3.37	[[32, 31], [29, 44]]	[[10], [14]]	[[31], [44]]
375	33.0	26.0	31.0	38.0	0.265	0.299	1.56565	2.77478	8.36	6.53	[[33, 26], [31, 38]]	[[8], [12]]	[[33, 26], [31, 38]]
376	33.0	25.0	32.0	33.0	0.247	0.5328	82.0064	3.94085	6.53	7.34	[[33], [32]]	[[11], [10]]	[[33], [32]]
377	30.0	36.0	30.0	36.0	0.992	1.168	1.4312	0.430631	9.64	5.78	[[30, 36], [30, 36]]	[[10], [10]]	[[30, 36], [30, 36]]
378	31.0	19.0	30.0	35.0	0.107	1.226	2.2773	0.34734	9.17	6.29	[[31, 19], [30, 35]]	[[10], [10]]	[[31], [30]]
379	31.0	19.0	31.0	38.0	1.224	0.894	0.568826	2.47857	8.52	5.03	[[31, 19], [31, 38]]	[[6], [12]]	[[19], [38]]
380	33.0	31.0	29.0	49.0	1.687	1.203	0.525717	0.177893	6.88	7.1	[[33], [29]]	[[11], [9]]	[[33], [29]]
381	30.0	27.0	30.0	39.0	0.677	0.667	1.99567	8.90898	7.71	6.14	[[30, 27], [30, 39]]	[[9], [13]]	[[30, 27], [30, 39]]
382	33.0	17.0	33.0	31.0	0.4466	1.2449	1.88152	2.1675	6.55	9.54	[[17, 17, 33], [31, 31, 33]]	[[5], [10]]	[[17, 33], [31, 33]]
383	35.0	27.0	31.0	34.0	2.595	0.668	1.1001	1.11202	9.72	9.18	[[35, 27], [31, 34]]	[[9], [11]]	[[35, 27], [31, 34]]
384	33.0	23.0	31.0	43.0	0.654	2.0799	0.758551	0.467637	9.4	4.62	[[33, 23], [31, 43]]	[[11], [10]]	[[33, 23], [31, 43]]
385	34.0	28.0	29.0	32.0	1.191	1.727	0.488884	1.60041	7.93	5.03	[[28], [32]]	[[9], [10]]	[[28], [32]]
386	31.0	17.0	30.0	32.0	0.479	0.344	0.884995	2.66738	7.54	7.97	[[31, 17], [30, 32]]	[[5], [10]]	[[31, 17], [30, 32]]
387	33.0	36.0	32.0	35.0	0.665	1.4151	14.4305	0.448087	5.55	6.44	[[33], [32]]	[[11], [10]]	[[33], [32]]
388	33.0	32.0	30.0	29.0	0.738	0.998	2.72068	8.22879	5.4	6.93	[[32], [29]]	[[10], [9]]	[[33], [30]]
389	31.0	39.0	31.0	41.0	2.7708	0.8268	0.752785	0.981288	6.02	7.21	[[31, 39], [31, 41]]	[[13], [13]]	[[31, 39], [31, 41]]
390	30.0	27.0	30.0	35.0	1.06	0.248	0.742519	0.678239	5.29	3.15	[[30, 27], [30, 35]]	[[9], [11]]	[[30], [30]]
391	32.0	33.0	32.0	42.0	1.319	0.7684	0.609783	4.74257	6.28	8.21	[[32, 33], [32, 42]]	[[11], [14]]	[[32, 33], [32, 42]]
392	15.0	15.0	4.0	37.0	1.994	0.887	0.157456	1.27341	6.28	4.58	[[15], [37]]	[[5], [12]]	[[15], [37]]
393	31.0	23.0	29.0	39.0	0.3503	0.567	3.03613	0.90921	9.13	6.22	[[31, 23], [29, 39]]	[[10], [9]]	[[31, 23], [29, 39]]
394	30.0	18.0	30.0	30.0	0.133	1.061	0.75404	1.2354	3.9	8.83	[[18, 18, 30], [30, 30, 30]]	[[10], [10]]	[[30, 18], [30, 30]]
395	33.0	28.0	30.0	36.0	1.427	0.615	0.344031	17.4243	8.18	8.54	[[28], [36]]	[[9], [12]]	[[28], [36]]
396	33.0	17.0	30.0	43.0	0.992	1.263	1.4312	0.496173	9.64	7.85	[[33, 17], [30, 43]]	[[11], [10]]	[[33, 17], [30, 43]]
397	33.0	31.0	31.0	45.0	1.17	0.684	1.26679	0.79013	9.34	5.35	[[33, 31], [31, 45]]	[[11], [10]]	[[33, 31], [31, 45]]
398	30.0	35.0	31.0	34.0	1.21	1.619	0.443885	0.646878	7.38	8.69	[[30, 35], [31, 34]]	[[10], [10]]	[[30], [31]]
399	31.0	26.0	29.0	42.0	1.911	0.523	1.01444	27.3829	9.65	6.51	[[31, 26], [29, 42]]	[[8], [14]]	[[26], [42]]
400	31.0	31.0	28.0	45.0	0.532	0.987	1.13706	0.811941	8.39	4.56	[[31, 31], [28, 45]]	[[10], [9]]	[[31, 31], [28, 45]]
401	32.0	28.0	29.0	42.0	0.523	0.3471	0.677442	21.967	8.2	9.58	[[32, 28], [29, 42]]	[[9], [14]]	[[28], [42]]
402	33.0	43.0	29.0	36.0	0.995	0.911	1.10017	0.883508	9.05	9.84	[[33, 43], [29, 36]]	[[11], [9]]	[[33, 43], [29, 36]]
403	33.0	30.0	30.0	35.0	0.605	1.226	18.5945	0.34734	6.4	6.29	[[33], [30]]	[[11], [10]]	[[33], [30]]
404	32.0	25.0	29.0	34.0	1.124	0.49	0.854996	0.892479	7.78	3.26	[[32, 25], [29, 34]]	[[8], [11]]	[[25], [34]]
405	34.0	27.0	32.0	35.0	2.684	2.518	0.4083	0.792273	5.58	7.55	[[34, 27], [32, 35]]	[[9], [11]]	[[34, 27], [32, 35]]
406	33.0	31.0	32.0	45.0	1.689	0.6799	0.266072	2.5589	7.19	6.94	[[33, 31], [32, 45]]	[[10], [15]]	[[31], [45]]
407	33.0	28.0	32.0	43.0	0.31	2.118	10.694	0.513796	8.48	8.27	[[33], [32]]	[[11], [10]]	[[33], [32]]
408	33.0	17.0	32.0	32.0	2.391	0.509	0.129058	1.1146	3.83	8.3	[[17, 33], [32, 32]]	[[5], [10]]	[[17], [32]]
409	33.0	25.0	31.0	43.0	1.609	0.2416	0.77102	2.66187	6.66	9.16	[[33, 25], [31, 43]]	[[8], [14]]	[[33, 25], [31, 43]]
410	33.0	31.0	32.0	31.0	0.954	0.714	6.31622	2.11101	9.32	9.08	[[33], [32]]	[[10], [10]]	[[33], [32]]
411	33.0	31.0	31.0	33.0	1.034	1.6138	0.583362	0.427994	6.3	5.38	[[33], [31]]	[[10], [11]]	[[33], [31]]
412	31.0	16.0	30.0	26.0	0.1195	0.873	2.29166	7.95136	8.99	5.25	[[16, 31], [26, 30]]	[[5], [8]]	[[16], [26]]
413	33.0	41.0	34.0	37.0	1.517	1.613	0.483696	4.47701	8.49	5.26	[[33, 41], [34, 37]]	[[13], [12]]	[[41], [37]]
414	32.0	39.0	30.0	38.0	1.018	0.938	2.12747	2.79355	8.05	5.89	[[32, 39], [30, 38]]	[[10], [10]]	[[32, 39], [30, 38]]
415	33.0	27.0	32.0	37.0	0.668	0.423	22.3306	1.48327	5.83	3.37	[[33, 27], [32, 37]]	[[11], [10]]	[[33], [32]]
416	30.0	38.0	29.0	41.0	0.685	3.462	0.740818	1.22906	7.44	4.44	[[30, 38], [29, 41]]	[[12], [13]]	[[30, 38], [29, 41]]
417	33.0	32.0	30.0	30.0	0.257	1.032	0.807032	1.33282	8.34	4.03	[[32], [30]]	[[10], [10]]	[[32], [30]]
418	33.0	42.0	32.0	40.0	0.604	1.005	5.63761	0.465907	6.99	4.92	[[33, 42], [32, 40]]	[[11], [10]]	[[33], [32]]
419	31.0	31.0	29.0	31.0	0.911	2.573	0.42619	0.33044	6.57	4.7	[[31], [29]]	[[10], [9]]	[[31], [29]]
420	31.0	32.0	30.0	31.0	1.509	0.566	0.217852	16.9203	5.53	5.43	[[32], [31]]	[[10], [10]]	[[32], [31]]
421	32.0	22.0	29.0	25.0	1.311	0.877	0.341491	0.836983	7.27	6.43	[[22, 32], [25, 29]]	[[7], [8]]	[[22, 32], [25, 29]]
422	33.0	28.0	31.0	32.0	1.3	0.644	0.501975	8.24672	9.24	9.16	[[28], [32]]	[[9], [10]]	[[28], [32]]
423	32.0	25.0	32.0	29.0	3.0762	0.951	1.19988	2.31652	7.67	5.43	[[25, 32], [29, 32]]	[[8], [9]]	[[25], [29]]
424	33.0	31.0	31.0	31.0	1.1879	1.24	1.19903	0.763063	8.62	7.85	[[31], [31]]	[[10], [10]]	[[33], [31]]
425	32.0	26.0	30.0	31.0	0.322	1.045	3.24516	3.97353	8.08	6.68	[[32, 26], [30, 31]]	[[8], [10]]	[[32, 26], [30, 31]]
426	33.0	19.0	29.0	24.0	1.124	0.737	0.854996	1.01127	7.78	4.11	[[19, 33], [24, 29]]	[[6], [8]]	[[19, 33], [24, 29]]
427	33.0	19.0	31.0	39.0	0.469	0.975	0.975909	2.69511	7.98	7.15	[[33, 19], [31, 39]]	[[6], [13]]	[[33, 19], [31, 39]]
428	32.0	26.0	31.0	41.0	0.604	0.529	6.63124	0.698888	5.17	5.41	[[32, 26], [31, 41]]	[[10], [10]]	[[32], [31]]
429	34.0	30.0	33.0	34.0	0.392	1.612	0.700332	1.02961	2.87	7.25	[[34], [33]]	[[10], [11]]	[[34], [33]]
430	32.0	25.0	32.0	40.0	0.931	1.065	0.632916	1.34041	4.37	4.28	[[32, 25], [32, 40]]	[[8], [13]]	[[32, 25], [32, 40]]
431	33.0	44.0	30.0	33.0	0.674	0.3838	1.65779	43.2837	8.97	6.14	[[44], [33]]	[[14], [11]]	[[44], [33]]
432	32.0	19.0	30.0	30.0	1.689	1.024	0.266072	0.785827	7.19	5.71	[[19, 32], [30, 30]]	[[6], [10]]	[[19, 32], [30, 30]]
433	33.0	17.0	32.0	31.0	0.917	0.516	1.87458	0.947471	6.11	8.38	[[17, 33], [31, 32]]	[[11], [10]]	[[17, 33], [31, 32]]
434	31.0	24.0	30.0	30.0	1.024	1.047	1.20375	2.92333	6.18	9.3	[[24, 31], [30, 30]]	[[8], [10]]	[[24, 31], [30, 30]]
435	33.0	38.0	31.0	34.0	0.706	1.098	5.51669	1.19238	6.33	9.08	[[33], [31]]	[[11], [10]]	[[33], [31]]
436	33.0	23.0	32.0	37.0	0.8068	0.998	3.15847	8.22879	5.05	6.93	[[33, 23], [32, 37]]	[[7], [12]]	[[33, 23], [32, 37]]
437	32.0	22.0	30.0	36.0	1.036	0.9059	0.966076	1.14362	6.11	6.3	[[32, 22], [30, 36]]	[[7], [12]]	[[32, 22], [30, 36]]
438	33.0	40.0	31.0	42.0	0.8479	1.461	2.28156	0.44524	5.74	7.74	[[33, 40], [31, 42]]	[[11], [10]]	[[33], [31]]
439	34.0	25.0	24.0	41.0	0.451	1.61	0.748708	0.35827	7.33	3.93	[[34, 25], [24, 41]]	[[11], [8]]	[[25], [41]]
440	33.0	36.0	29.0	40.0	1.03	0.998	0.83949	8.22879	8.45	6.93	[[33, 36], [29, 40]]	[[12], [13]]	[[33, 36], [29, 40]]
441	34.0	27.0	30.0	19.0	2.382	1.441	0.164555	0.477909	4.95	6.4	[[27], [19]]	[[9], [6]]	[[27, 34], [19, 30]]
442	33.0	40.0	30.0	41.0	0.353	0.301	0.827675	0.496694	8.22	6.86	[[33, 40], [30, 41]]	[[11], [10]]	[[33, 40], [30, 41]]
443	33.0	28.0	33.0	22.0	2.171	1.173	0.504995	0.307741	4.35	5.53	[[28, 33], [22, 33]]	[[11], [11]]	[[28, 33], [22, 33]]
444	32.0	34.0	32.0	43.0	0.8068	0.668	3.15847	1.47458	5.05	7.39	[[32, 34], [32, 43]]	[[10], [10]]	[[32, 34], [32, 43]]
445	31.0	40.0	32.0	40.0	0.669	2.536	34.9262	0.878338	9.66	4.64	[[31, 40], [32, 40]]	[[10], [10]]	[[31, 40], [32, 40]]
446	33.0	32.0	31.0	41.0	1.595	0.8479	0.429052	2.28156	6.95	5.74	[[33, 32], [31, 41]]	[[10], [13]]	[[32], [41]]
447	32.0	26.0	30.0	37.0	1.037	1.089	4.54489	0.799579	3.91	6.61	[[32, 26], [30, 37]]	[[10], [10]]	[[32], [30]]
448	31.0	33.0	32.0	37.0	1.8827	1.015	0.454415	2.25629	7.55	6.02	[[33], [37]]	[[11], [12]]	[[33], [37]]
449	31.0	31.0	30.0	39.0	1.109	2.4284	0.416799	1.09067	7.74	4.53	[[31, 31], [30, 39]]	[[10], [13]]	[[31], [39]]
450	33.0	34.0	29.0	44.0	1.2131	1.24	0.167746	0.763063	5.6	7.85	[[34], [44]]	[[11], [14]]	[[34], [44]]
451	30.0	25.0	30.0	45.0	3.444	0.734	0.690153	1.2846	5.35	4.72	[[30, 25], [30, 45]]	[[10, 8], [10, 15]]	[[30, 25], [30, 45]]
452	33.0	24.0	32.0	47.0	1.649	0.5351	0.904256	10.8284	7.18	5.03	[[33, 24], [32, 47]]	[[8], [15]]	[[24], [47]]
453	30.0	40.0	30.0	32.0	0.951	1.6112	1.27012	0.263632	6.02	6.79	[[30, 40], [30, 32]]	[[10], [10]]	[[30], [30]]
454	32.0	26.0	30.0	40.0	2.438	2.573	0.36964	0.33044	4.72	4.7	[[32, 26], [30, 40]]	[[10, 8], [10, 13]]	[[32, 26], [30, 40]]
455	33.0	30.0	32.0	35.0	1.3	0.403	0.501975	70.6872	9.24	3.49	[[30], [35]]	[[10], [11]]	[[30], [35]]
456	32.0	26.0	29.0	34.0	1.627	1.019	0.602973	0.70179	6.18	4.59	[[32, 26], [29, 34]]	[[8], [11]]	[[32, 26], [29, 34]]
457	32.0	26.0	30.0	40.0	1.023	0.86	1.5099	1.27709	8.42	8.85	[[32, 26], [30, 40]]	[[8], [13]]	[[32, 26], [30, 40]]
458	30.0	26.0	30.0	40.0	0.967	0.533	0.414278	1.00179	4.54	5.8	[[30, 26], [30, 40]]	[[8], [13]]	[[30, 26], [30, 40]]
459	32.0	30.0	30.0	44.0	1.755	0.967	0.22039	1.61927	5.37	6.68	[[32, 30], [30, 44]]	[[10], [14]]	[[30], [44]]
460	32.0	23.0	29.0	28.0	2.438	1.98	0.173349	0.10961	7.19	4.25	[[23, 32], [28, 29]]	[[7], [9]]	[[23, 32], [28, 29]]
461	32.0	30.0	32.0	41.0	1.306	0.667	0.952933	8.90898	4.97	6.14	[[32, 30], [32, 41]]	[[10], [13]]	[[30], [41]]
462	32.0	27.0	30.0	43.0	0.7318	0.74	8.72595	1.05866	6.32	6.83	[[32, 27], [30, 43]]	[[10], [10]]	[[32], [30]]
463	31.0	27.0	30.0	25.0	0.734	0.737	6.74372	1.01127	6.02	4.11	[[27, 31], [25, 30]]	[[10], [10]]	[[31], [30]]
464	33.0	31.0	33.0	32.0	1.633	1.092	0.665483	0.491988	6.76	5.22	[[31], [32]]	[[10], [10]]	[[33], [33]]
465	31.0	27.0	31.0	35.0	0.296	1.591	97.2516	0.557922	6.66	7.18	[[31], [31]]	[[10], [10]]	[[31], [31]]
466	31.0	32.0	30.0	34.0	1.075	0.512	1.29553	1.06647	9.88	3.32	[[32], [34]]	[[10], [11]]	[[32], [34]]
467	33.0	26.0	32.0	34.0	1.304	0.574	0.521792	30.4844	6.31	7.76	[[26], [34]]	[[8], [11]]	[[26], [34]]
468	33.0	35.0	30.0	39.0	0.158	0.467	2.31267	0.897071	9.12	9.49	[[33, 35], [30, 39]]	[[11], [10]]	[[33, 35], [30, 39]]
469	32.0	27.0	30.0	40.0	1.513	2.753	0.284997	0.561781	4.25	9.08	[[32, 27], [30, 40]]	[[9], [13]]	[[32, 27], [30, 40]]
470	32.0	18.0	29.0	28.0	1.368	1.309	2.38694	0.455186	6.55	4.79	[[18, 32], [28, 29]]	[[10], [9]]	[[18, 32], [28, 29]]
471	33.0	28.0	30.0	41.0	0.644	1.023	0.841705	1.5099	5.67	8.42	[[33, 28], [30, 41]]	[[9], [13]]	[[33, 28], [30, 41]]
472	32.0	24.0	31.0	38.0	1.604	1.633	0.219937	0.665483	7.9	6.76	[[32, 24], [31, 38]]	[[8], [12]]	[[32, 24], [31, 38]]
473	31.0	28.0	29.0	37.0	1.4692	1.044	0.305383	0.681857	7.0	7.67	[[31, 28], [29, 37]]	[[9], [12]]	[[28], [37]]
474	33.0	19.0	30.0	30.0	1.034	1.6011	0.583362	0.604918	6.3	8.02	[[19, 33], [30, 30]]	[[11], [10]]	[[19, 33], [30, 30]]
475	32.0	31.0	30.0	46.0	1.6102	0.831	0.441505	3.35213	4.71	6.05	[[32, 31], [30, 46]]	[[10], [15]]	[[31], [46]]
476	33.0	30.0	32.0	28.0	1.061	0.712	0.945816	0.980173	7.03	7.15	[[30, 33], [28, 32]]	[[10], [9]]	[[30], [28]]
477	33.0	26.0	31.0	32.0	0.3091	0.513	5.34158	1.9301	6.97	8.19	[[33, 26], [31, 32]]	[[11], [10]]	[[26, 33], [32, 31]]
478	33.0	36.0	29.0	38.0	0.7086	0.726	-99.0	4.66337	7.56	9.07	[[33, 36], [29, 38]]	[[11], [9]]	[[33, 36], [29, 38]]
479	34.0	34.0	32.0	35.0	1.11	0.528	0.963705	15.8051	9.21	5.95	[[34], [35]]	[[11], [10]]	[[34], [35]]
480	32.0	22.0	31.0	34.0	1.874	2.539	0.514909	0.180944	5.2	4.61	[[32, 22], [31, 34]]	[[10], [10]]	[[32, 22], [31, 34]]
481	34.0	21.0	30.0	24.0	0.451	0.324	1.60955	1.32656	8.72	6.93	[[21, 34], [24, 30]]	[[7], [8]]	[[21, 34], [24, 30]]
482	33.0	39.0	32.0	44.0	0.367	0.33	5.94591	0.940852	7.18	7.08	[[33, 39], [32, 44]]	[[11], [10]]	[[33], [32]]
483	32.0	21.0	30.0	30.0	1.613	0.347	0.329478	1.41292	5.11	7.53	[[21, 32], [30, 30]]	[[7], [10]]	[[21], [30]]
484	31.0	23.0	31.0	31.0	1.681	0.524	0.183553	11.7933	6.25	6.37	[[23], [31]]	[[7], [10]]	[[23], [31]]
485	32.0	20.0	30.0	29.0	1.851	0.248	0.366686	0.678239	5.43	3.15	[[20, 32], [29, 30]]	[[6], [9]]	[[20], [29]]
486	32.0	30.0	29.0	24.0	0.9706	1.884	3.10074	0.502418	7.63	5.22	[[32], [29]]	[[10], [9]]	[[32], [29]]
487	32.0	33.0	30.0	43.0	0.77	0.733	1.31963	13.181	9.69	6.13	[[32, 33], [30, 43]]	[[11], [14]]	[[33], [43]]
488	33.0	26.0	32.0	20.0	0.884	1.8761	1.98704	1.54913	6.63	8.77	[[26, 33], [20, 32]]	[[8, 11], [6, 10]]	[[26, 33], [20, 32]]
489	32.0	33.0	29.0	32.0	0.884	0.105	1.73125	1.09744	5.04	3.13	[[33], [32]]	[[10], [9]]	[[33], [32]]
490	31.0	36.0	30.0	37.0	1.316	1.161	0.316312	1.35333	6.05	8.62	[[31, 36], [30, 37]]	[[12], [12]]	[[31, 36], [30, 37]]
491	33.0	18.0	31.0	31.0	0.718	0.737	11.4732	4.46428	8.46	9.54	[[18, 33], [31, 31]]	[[11], [10]]	[[18, 33], [31, 31]]
492	31.0	29.0	29.0	39.0	0.756	1.591	0.674652	0.557922	3.17	7.18	[[31, 29], [29, 39]]	[[10], [9]]	[[31], [29]]
493	32.0	28.0	31.0	24.0	1.593	0.683	0.10153	1.662	5.79	7.74	[[28], [24]]	[[9], [8]]	[[28], [24]]
494	35.0	22.0	30.0	34.0	1.311	0.6803	2.22005	3.85813	7.65	5.48	[[35, 35, 22], [30, 30, 34]]	[[7], [11]]	[[35, 22], [30, 34]]
495	32.0	34.0	30.0	31.0	1.927	1.02	0.487274	2.58745	5.8	7.53	[[32], [30]]	[[10], [10]]	[[34], [31]]
496	33.0	27.0	30.0	37.0	0.514	1.032	1.96139	1.21397	5.12	6.77	[[33, 27], [30, 37]]	[[9], [12]]	[[33, 27], [30, 37]]
497	31.0	34.0	30.0	46.0	0.894	0.737	3.30476	7.53902	5.45	6.37	[[31, 34], [30, 46]]	[[11], [15]]	[[34], [46]]
498	33.0	41.0	31.0	44.0	1.6036	0.666	0.257723	7.40094	5.73	6.32	[[33, 41], [31, 44]]	[[13], [14]]	[[41], [44]]
499	32.0	25.0	30.0	36.0	0.887	1.188	1.27341	0.584737	4.58	7.94	[[32], [30]]	[[10], [10]]	[[32], [30]]
500	33.0	25.0	31.0	37.0	1.175	0.392	1.22972	0.700332	5.11	2.87	[[33, 25], [31, 37]]	[[8], [12]]	[[33, 25], [31, 37]]
501	31.0	27.0	30.0	37.0	2.34	1.109	0.632304	0.732248	4.11	8.08	[[31, 27], [30, 37]]	[[10], [10]]	[[31], [30]]
502	34.0	29.0	30.0	31.0	0.86	0.667	1.27709	29.1164	8.85	6.78	[[29], [31]]	[[9], [10]]	[[29], [31]]
503	31.0	19.0	30.0	27.0	0.6658	2.728	10.4211	0.166218	6.79	3.65	[[19, 31], [27, 30]]	[[10], [10]]	[[31], [30]]
504	32.0	22.0	32.0	32.0	0.975	0.158	1.37957	2.31267	8.42	9.12	[[32, 22], [32, 32]]	[[7], [10]]	[[22, 32], [32, 32]]
505	33.0	24.0	31.0	27.0	0.526	2.404	0.877691	0.675618	6.22	8.93	[[24, 24, 33], [27, 27, 31]]	[[11], [10]]	[[24, 33], [27, 31]]
506	30.0	24.0	30.0	30.0	0.6803	0.501	3.85813	0.879211	5.48	9.06	[[30], [30]]	[[10], [10]]	[[30], [30]]
507	32.0	24.0	32.0	34.0	2.539	0.975	0.821628	2.95872	8.67	6.92	[[32, 24], [32, 34]]	[[8], [11]]	[[24], [34]]
508	33.0	21.0	32.0	25.0	0.7341	0.412	2.02938	1.5514	5.51	7.22	[[21, 33], [25, 32]]	[[7, 11], [8, 10]]	[[21, 33], [25, 32]]
509	33.0	20.0	31.0	42.0	0.5792	0.546	3.64503	7.57406	8.19	9.26	[[33, 20], [31, 42]]	[[11, 6], [10, 14]]	[[33, 20], [31, 42]]
510	31.0	28.0	31.0	26.0	2.5771	0.665	0.499345	14.4305	6.31	5.55	[[28], [26]]	[[9], [8]]	[[28], [26]]
511	32.0	30.0	29.0	30.0	0.736	0.668	0.866754	14.2237	7.57	5.55	[[30], [30]]	[[10], [10]]	[[30], [30]]
512	31.0	17.0	30.0	38.0	0.577	1.613	1.0452	0.329478	5.16	5.11	[[31, 17], [30, 38]]	[[10], [10]]	[[31], [30]]
513	32.0	22.0	30.0	26.0	1.57	0.5482	0.210549	2.29782	5.27	9.17	[[22], [26]]	[[7], [8]]	[[22], [26]]
514	34.0	36.0	30.0	37.0	0.56	0.651	2.00744	3.6589	6.18	9.26	[[34, 36], [30, 37]]	[[11], [10]]	[[34], [30]]
515	34.0	32.0	32.0	39.0	0.39	1.109	0.934812	0.732248	3.15	8.08	[[34], [32]]	[[11], [10]]	[[34], [32]]
516	34.0	23.0	30.0	44.0	0.515	0.106	1.12738	5.80748	5.9	9.53	[[34, 23], [30, 44]]	[[7], [14]]	[[34, 23], [30, 44]]
517	30.0	21.0	30.0	33.0	0.762	1.575	1.01758	0.451995	9.85	7.72	[[30, 21], [30, 33]]	[[10], [10]]	[[30, 21], [30, 33]]
518	30.0	31.0	32.0	25.0	1.607	0.687	1.11275	0.905358	8.06	5.47	[[30], [32]]	[[10], [10]]	[[30], [32]]
519	62.0	27.0	9.0	35.0	1.671	0.736	0.364001	3.96415	6.37	4.49	[[27], [35]]	[[9], [11]]	[[27], [35]]
520	34.0	28.0	32.0	45.0	0.667	1.896	11.187	0.394064	6.02	4.84	[[34, 28], [32, 45]]	[[11], [10]]	[[34], [32]]
521	33.0	34.0	31.0	35.0	1.215	1.8419	12.3522	0.669216	4.36	6.41	[[33], [31]]	[[11], [10]]	[[33], [31]]
522	34.0	20.0	30.0	33.0	1.613	0.539	1.25197	2.03547	7.95	5.52	[[34, 20], [30, 33]]	[[6], [11]]	[[34, 20], [30, 33]]
523	33.0	31.0	33.0	46.0	0.477	0.632	0.619372	4.25726	7.99	7.56	[[31], [46]]	[[10], [15]]	[[31], [46]]
524	31.0	21.0	30.0	34.0	2.494	0.539	2.63157	2.03547	6.66	5.52	[[31, 21], [30, 34]]	[[7], [11]]	[[31, 21], [30, 34]]
525	33.0	30.0	30.0	33.0	0.708	0.956	2.06607	0.173099	7.22	4.43	[[33], [30]]	[[11], [10]]	[[33], [30]]
526	31.0	27.0	29.0	32.0	1.122	0.5218	0.212233	16.3933	6.54	6.59	[[27], [32]]	[[9], [10]]	[[27], [32]]
527	34.0	39.0	32.0	39.0	2.319	0.814	0.413943	1.46218	5.8	9.14	[[34, 39], [32, 39]]	[[13], [13]]	[[34, 39], [32, 39]]
528	32.0	31.0	33.0	27.0	1.198	0.7364	0.700794	3.53612	5.1	7.89	[[31, 32], [27, 33]]	[[10], [9]]	[[31], [27]]
529	31.0	31.0	31.0	31.0	1.658	0.72	0.198827	2.12995	6.62	5.84	[[31], [31]]	[[10], [10]]	[[31], [31]]
530	30.0	31.0	31.0	45.0	1.607	1.24	1.11275	0.763063	8.06	7.85	[[30, 31], [31, 45]]	[[10], [10]]	[[30, 31], [31, 45]]
531	32.0	24.0	32.0	24.0	0.48	2.32	1.88797	1.64963	9.23	5.97	[[24, 32], [24, 32]]	[[8], [8]]	[[24, 32], [24, 32]]
532	32.0	22.0	31.0	29.0	0.884	0.512	0.989105	1.89866	8.03	5.3	[[22, 32], [29, 31]]	[[7], [9]]	[[22, 32], [29, 31]]
533	33.0	22.0	30.0	29.0	0.664	1.096	5.16673	0.913065	5.94	8.34	[[22, 33], [29, 30]]	[[11], [10]]	[[33], [30]]
534	32.0	27.0	33.0	34.0	0.403	0.538	70.6872	1.22867	3.49	7.17	[[32], [33]]	[[10], [11]]	[[32], [33]]
535	33.0	17.0	30.0	25.0	2.719	0.1315	0.547389	3.44521	6.52	8.59	[[17, 33], [25, 30]]	[[5], [8]]	[[17], [25]]
536	33.0	27.0	32.0	20.0	1.223	1.308	0.661004	0.228312	5.72	4.19	[[27, 33], [20, 32]]	[[9], [6]]	[[27, 33], [20, 32]]
537	33.0	35.0	30.0	39.0	0.299	0.692	2.76894	2.61935	2.96	5.7	[[33, 35], [30, 39]]	[[11], [10]]	[[33, 35], [30, 39]]
538	32.0	31.0	29.0	33.0	0.738	0.3321	2.72068	1.85003	5.4	5.52	[[32], [29]]	[[10], [9]]	[[32], [29]]
539	31.0	18.0	30.0	28.0	0.895	1.037	4.59048	3.75165	5.89	8.17	[[18, 31], [28, 30]]	[[10], [10]]	[[18, 31], [28, 30]]
540	32.0	33.0	30.0	37.0	0.526	0.895	0.877691	1.34422	6.22	5.69	[[32, 33], [30, 37]]	[[10], [10]]	[[32, 33], [30, 37]]
541	32.0	29.0	29.0	40.0	0.74	1.316	1.05866	0.316312	6.83	6.05	[[32, 29], [29, 40]]	[[10], [9]]	[[32, 29], [29, 40]]
542	31.0	41.0	31.0	38.0	1.2965	1.72	1.19274	0.500253	6.28	8.84	[[31, 41], [31, 38]]	[[10], [10]]	[[31], [31]]
543	33.0	18.0	33.0	36.0	0.731	0.667	0.467468	8.537	6.11	6.17	[[33, 18], [33, 36]]	[[6], [12]]	[[18], [36]]
544	32.0	29.0	30.0	34.0	1.897	0.681	0.61167	6.17937	4.72	5.54	[[29], [34]]	[[9], [11]]	[[29], [34]]
545	32.0	30.0	32.0	31.0	0.651	0.741	3.6589	1.88461	9.26	8.62	[[32], [32]]	[[10], [10]]	[[32], [32]]
546	34.0	21.0	31.0	31.0	1.21	0.387	0.218155	4.74704	8.54	4.17	[[21], [31]]	[[7], [10]]	[[21], [31]]
547	29.0	26.0	29.0	42.0	1.644	0.664	0.705653	5.16673	9.28	5.94	[[29, 26], [29, 42]]	[[8], [14]]	[[26], [42]]
548	33.0	28.0	32.0	43.0	1.8761	0.367	1.54913	0.707436	8.77	5.97	[[33, 28], [32, 43]]	[[11], [10]]	[[33, 28], [32, 43]]
549	32.0	25.0	32.0	32.0	1.727	0.454	1.60041	2.06595	5.03	3.14	[[25, 32], [32, 32]]	[[8], [10]]	[[25, 32], [32, 32]]
550	29.0	26.0	30.0	35.0	2.4677	0.403	0.637651	70.6872	7.7	3.49	[[26], [35]]	[[8], [11]]	[[26], [35]]
551	33.0	19.0	30.0	38.0	1.297	0.992	0.657879	0.75507	5.78	6.49	[[33, 19], [30, 38]]	[[11, 6], [10, 12]]	[[33, 19], [30, 38]]
552	32.0	40.0	30.0	38.0	0.735	0.831	7.38786	3.35213	6.3	6.05	[[32, 40], [30, 38]]	[[10], [10]]	[[32, 40], [30, 38]]
553	33.0	26.0	32.0	33.0	0.4014	1.011	0.730163	1.53051	5.11	8.29	[[33, 26], [32, 33]]	[[8], [11]]	[[33], [32]]
554	34.0	19.0	31.0	38.0	1.383	0.9706	1.05414	3.10074	7.79	7.63	[[34, 19], [31, 38]]	[[6], [12]]	[[34, 19], [31, 38]]
555	33.0	32.0	33.0	43.0	0.5792	2.1336	3.64503	0.333094	8.19	6.17	[[33], [33]]	[[11], [11]]	[[33], [33]]
556	31.0	31.0	30.0	43.0	0.418	0.344	50.6688	2.66738	5.96	7.97	[[31, 31], [30, 43]]	[[10], [10]]	[[31], [30]]
557	30.0	32.0	31.0	30.0	1.624	2.118	0.130153	0.513796	4.61	8.27	[[30], [31]]	[[10], [10]]	[[30], [31]]
558	32.0	30.0	29.0	30.0	1.0394	1.037	2.13684	4.54489	6.11	3.91	[[30], [30]]	[[10], [10]]	[[30], [30]]
559	30.0	25.0	29.0	38.0	0.7086	0.493	-99.0	1.35341	7.56	9.27	[[30, 25], [29, 38]]	[[10], [9]]	[[30, 25], [29, 38]]
560	30.0	27.0	30.0	30.0	0.1315	0.6803	3.44521	3.85813	8.59	5.48	[[27], [30]]	[[9], [10]]	[[30], [30]]
561	33.0	17.0	31.0	30.0	0.627	0.523	4.0873	27.3829	4.97	6.51	[[17, 33], [30, 31]]	[[5], [10]]	[[17, 33], [30, 31]]
562	33.0	34.0	31.0	44.0	1.16	0.604	0.569826	6.63124	4.71	5.17	[[33, 34], [31, 44]]	[[11], [14]]	[[34], [44]]
563	33.0	26.0	31.0	42.0	1.312	2.4677	0.338495	0.637651	5.23	7.7	[[33, 26], [31, 42]]	[[11, 8], [10, 14]]	[[33, 26], [31, 42]]
564	31.0	28.0	31.0	40.0	0.6695	0.299	1.28198	2.76894	9.62	2.96	[[31, 28], [31, 40]]	[[9], [13]]	[[31, 28], [31, 40]]
565	31.0	33.0	30.0	42.0	0.669	0.5328	8.70213	3.94085	6.05	7.34	[[31, 33], [30, 42]]	[[10], [10]]	[[31, 33], [30, 42]]
566	33.0	32.0	30.0	32.0	0.951	2.803	1.27012	0.565903	6.02	8.44	[[33], [30]]	[[10], [10]]	[[33], [30]]
567	31.0	40.0	30.0	43.0	0.674	0.6219	1.65779	4.9731	8.97	5.23	[[31, 40], [30, 43]]	[[13], [14]]	[[40], [43]]
568	32.0	26.0	31.0	36.0	0.493	0.322	1.35341	3.24516	9.27	8.08	[[26], [36]]	[[8], [12]]	[[26], [36]]
569	31.0	28.0	30.0	42.0	1.1879	1.7552	1.19903	0.341626	8.62	8.05	[[31, 31, 28], [30, 30, 42]]	[[10], [10]]	[[31, 28], [30, 42]]
570	31.0	36.0	29.0	38.0	1.022	0.644	7.37182	0.841705	5.66	5.67	[[31, 36], [29, 38]]	[[10], [9]]	[[31], [29]]
571	36.0	26.0	32.0	46.0	0.594	1.096	1.16579	6.92251	9.43	6.49	[[36, 26], [32, 46]]	[[8], [15]]	[[36, 26], [32, 46]]
572	34.0	41.0	32.0	41.0	2.808	0.392	0.296649	0.700332	6.47	2.87	[[34, 41], [32, 41]]	[[13], [13]]	[[41], [41]]
573	35.0	23.0	33.0	41.0	1.854	0.455	0.736813	0.497972	7.89	5.97	[[35, 23], [33, 41]]	[[11], [11]]	[[35, 23], [33, 41]]
574	32.0	38.0	30.0	35.0	0.67	0.605	1.13551	41.7618	8.18	7.44	[[38], [35]]	[[12], [11]]	[[38], [35]]
575	30.0	34.0	29.0	32.0	0.678	0.814	4.70629	0.99832	5.22	5.51	[[30], [29]]	[[10], [9]]	[[30], [29]]
576	32.0	40.0	30.0	35.0	1.8827	0.4247	0.454415	1.22263	7.55	8.58	[[32, 40], [30, 35]]	[[13], [11]]	[[32, 40], [30, 35]]
577	37.0	41.0	28.0	37.0	2.1934	0.509	0.587077	1.1146	7.86	8.3	[[37, 41], [28, 37]]	[[12], [9]]	[[37, 41], [28, 37]]
578	33.0	27.0	32.0	34.0	1.038	1.027	0.794075	0.685206	8.77	4.75	[[33, 27], [32, 34]]	[[9], [11]]	[[33, 27], [32, 34]]
579	30.0	29.0	30.0	34.0	0.638	0.855	1.06591	0.4034	6.36	6.46	[[30], [30]]	[[10], [10]]	[[30], [30]]
580	32.0	37.0	29.0	37.0	1.034	0.497	0.583362	1.19279	6.3	8.04	[[32, 37], [29, 37]]	[[12], [12]]	[[32, 37], [29, 37]]
581	26.0	35.0	20.0	39.0	0.666	0.736	1.18661	1.97942	8.69	5.98	[[26, 35], [20, 39]]	[[11], [13]]	[[35], [39]]
582	31.0	30.0	30.0	32.0	0.703	0.887	0.967614	0.94426	9.91	9.1	[[30], [32]]	[[10], [10]]	[[30], [32]]
583	31.0	27.0	29.0	37.0	0.934	0.668	1.50476	1.47458	5.86	7.39	[[31, 27], [29, 37]]	[[9], [12]]	[[31, 27], [29, 37]]
584	30.0	27.0	31.0	36.0	1.179	1.61	1.77476	0.35827	7.98	3.93	[[30, 27], [31, 36]]	[[9], [12]]	[[30, 27], [31, 36]]
585	33.0	24.0	31.0	36.0	0.968	1.511	3.79862	1.01774	5.11	8.29	[[33, 24], [31, 36]]	[[11], [10]]	[[33], [31]]
586	33.0	23.0	31.0	35.0	1.27	3.193	0.58613	0.498286	4.57	3.78	[[33, 23], [31, 35]]	[[7], [11]]	[[33, 23], [31, 35]]
587	32.0	24.0	31.0	37.0	0.528	0.814	15.8051	1.46218	5.95	9.14	[[32, 24], [31, 37]]	[[10], [10]]	[[32], [31]]
588	33.0	21.0	33.0	43.0	2.5845	1.037	0.859919	2.14194	5.35	5.8	[[33, 21], [33, 43]]	[[], []]	[[33, 21], [33, 43]]
589	33.0	27.0	30.0	36.0	1.548	1.319	0.244341	0.609783	6.07	6.28	[[27], [36]]	[[9], [12]]	[[27], [36]]
590	32.0	21.0	29.0	26.0	0.367	1.186	0.707436	0.171455	5.97	4.7	[[21, 32], [26, 29]]	[[10], [9]]	[[21, 32], [26, 29]]
591	33.0	24.0	31.0	41.0	1.166	0.3838	1.60713	43.2837	5.98	6.14	[[24], [41]]	[[8], [13]]	[[24], [41]]
592	34.0	28.0	32.0	48.0	1.03	2.5554	1.56569	0.485969	9.52	6.91	[[34, 28], [32, 48]]	[[11], [10]]	[[34, 28], [32, 48]]
593	31.0	20.0	30.0	21.0	1.617	0.677	0.446546	0.761829	5.97	7.86	[[20, 31], [21, 30]]	[[6], [7]]	[[20, 31], [21, 30]]
594	33.0	36.0	30.0	41.0	2.612	0.368	0.156503	6.68551	3.68	7.0	[[33, 36], [30, 41]]	[[12], [13]]	[[36], [41]]
595	31.0	29.0	29.0	47.0	1.027	2.7708	0.685206	0.752785	4.75	6.02	[[31, 29], [29, 47]]	[[10, 9], [9, 15]]	[[31, 29], [29, 47]]
596	32.0	27.0	30.0	38.0	0.735	0.524	9.58308	11.7933	4.69	6.37	[[32, 27], [30, 38]]	[[9], [12]]	[[32, 27], [30, 38]]
597	32.0	31.0	29.0	39.0	1.033	0.895	3.5126	4.59048	8.6	5.89	[[32, 31], [29, 39]]	[[10], [13]]	[[32, 31], [29, 39]]
598	31.0	19.0	30.0	39.0	1.046	1.058	0.700654	0.479573	6.13	7.12	[[31, 19], [30, 39]]	[[10], [10]]	[[31, 19], [30, 39]]
599	32.0	21.0	29.0	31.0	0.48	0.5586	1.50654	4.8525	3.26	6.18	[[32, 21], [29, 31]]	[[7], [10]]	[[32, 21], [29, 31]]
600	33.0	25.0	32.0	19.0	0.684	0.967	3.30342	1.61927	5.04	6.68	[[25, 33], [19, 32]]	[[11], [10]]	[[25, 33], [19, 32]]
601	31.0	40.0	30.0	42.0	1.16	0.459	0.569826	1.70088	4.71	8.98	[[31, 40], [30, 42]]	[[13], [14]]	[[31, 40], [30, 42]]
602	36.0	26.0	25.0	35.0	1.602	0.543	0.310856	0.456335	8.9	3.15	[[26], [35]]	[[8], [11]]	[[26], [35]]
603	32.0	17.0	32.0	37.0	3.4119	0.5623	0.790355	6.41507	5.75	5.43	[[32, 17], [32, 37]]	[[5], [12]]	[[17], [37]]
604	32.0	34.0	30.0	33.0	1.309	0.995	0.455186	4.73557	4.79	9.84	[[34], [33]]	[[11], [11]]	[[34], [33]]
605	34.0	20.0	30.0	30.0	2.4677	2.728	0.637651	0.166218	7.7	3.65	[[20, 34], [30, 30]]	[[6], [10]]	[[20, 34], [30, 30]]
606	31.0	34.0	30.0	45.0	1.274	1.9182	0.696629	0.255011	7.85	3.99	[[31, 34], [30, 45]]	[[10], [10]]	[[31, 34], [30, 45]]
607	35.0	20.0	32.0	39.0	1.517	0.937	0.483696	0.405616	8.49	5.04	[[35, 20], [32, 39]]	[[11, 6], [10, 13]]	[[35, 20], [32, 39]]
608	31.0	26.0	30.0	19.0	1.256	2.037	0.532132	0.684004	7.41	4.61	[[26, 31], [19, 30]]	[[8], [6]]	[[26, 31], [19, 30]]
609	33.0	23.0	34.0	40.0	0.632	0.401	4.25726	3.76953	7.56	4.83	[[33, 23], [34, 40]]	[[7], [13]]	[[33, 23], [34, 40]]
610	30.0	29.0	30.0	33.0	1.03	1.669	1.56569	0.42007	9.52	4.63	[[29], [33]]	[[10], [10]]	[[29], [33]]
611	32.0	26.0	32.0	41.0	1.955	0.487	0.293433	26.1884	6.91	6.6	[[26], [41]]	[[8], [13]]	[[26], [41]]
612	33.0	30.0	31.0	40.0	1.393	0.734	1.06871	4.01281	7.39	6.83	[[33, 30], [31, 40]]	[[10], [13]]	[[33, 30], [31, 40]]
613	33.0	14.0	32.0	33.0	0.387	0.573	4.74704	1.63987	4.17	7.56	[[33, 14], [32, 33]]	[[4, 11], [11, 10]]	[[33], [32]]
614	33.0	25.0	32.0	37.0	0.754	0.122	0.656342	0.698286	6.83	5.99	[[33, 25], [32, 37]]	[[8], [12]]	[[33, 25], [32, 37]]
615	30.0	38.0	30.0	41.0	1.109	1.6138	0.416799	0.427994	7.74	5.38	[[30, 38], [30, 41]]	[[10], [10]]	[[30, 38], [30, 41]]
616	33.0	29.0	32.0	38.0	0.736	0.617	5.15227	0.601675	4.67	6.21	[[33], [32]]	[[11], [10]]	[[33], [32]]
617	33.0	24.0	30.0	42.0	1.037	0.405	2.14194	50.4659	5.8	3.32	[[33, 24], [30, 42]]	[[8], [14]]	[[24], [42]]
618	33.0	29.0	30.0	36.0	0.585	0.661	0.749118	0.893474	3.21	7.12	[[33, 29], [30, 36]]	[[9], [12]]	[[33, 29], [30, 36]]
619	32.0	31.0	32.0	29.0	1.061	0.8479	1.2354	2.28156	8.83	5.74	[[31], [29]]	[[10], [9]]	[[31], [29]]
620	31.0	29.0	30.0	37.0	0.895	0.729	1.34422	8.15265	5.69	5.53	[[31, 29], [30, 37]]	[[9], [12]]	[[29], [37]]
621	34.0	38.0	33.0	42.0	1.016	1.019	0.740703	0.70179	7.26	4.59	[[34, 38], [33, 42]]	[[12], [14]]	[[34, 38], [33, 42]]
622	33.0	36.0	31.0	33.0	0.3321	1.866	1.85003	0.568842	5.52	5.24	[[33], [31]]	[[11], [10]]	[[36], [33]]
623	31.0	31.0	29.0	43.0	1.016	0.28	1.14666	1.43404	6.43	7.06	[[31, 31], [29, 43]]	[[10], [14]]	[[31, 31], [29, 43]]
624	33.0	24.0	34.0	29.0	1.144	1.047	0.240687	2.92333	8.17	9.3	[[24], [29]]	[[8], [9]]	[[24], [29]]
625	33.0	28.0	33.0	33.0	0.353	0.366	0.827675	28.7348	8.22	5.84	[[28], [33]]	[[9], [11]]	[[28], [33]]
626	34.0	37.0	32.0	40.0	0.974	0.7064	2.3008	1.89377	5.42	7.68	[[34, 37], [32, 40]]	[[11], [10]]	[[34, 37], [32, 40]]
627	36.0	27.0	33.0	31.0	1.012	1.297	1.11201	0.805272	9.08	7.48	[[27, 36], [31, 33]]	[[9], [10]]	[[27], [31]]
628	33.0	27.0	31.0	37.0	0.759	1.621	0.858671	0.293749	8.54	8.5	[[33], [31]]	[[11], [10]]	[[33], [31]]
629	33.0	26.0	32.0	42.0	0.323	0.485	0.799366	0.654283	4.88	3.04	[[33, 26], [32, 42]]	[[8], [14]]	[[33], [32]]
630	32.0	20.0	30.0	32.0	1.727	0.91	1.60041	1.48145	5.03	9.45	[[32, 20], [30, 32]]	[[10], [10]]	[[32], [30]]
631	32.0	32.0	30.0	29.0	1.272	0.213	0.608269	1.96637	6.92	9.32	[[32], [30]]	[[10], [10]]	[[32], [30]]
632	34.0	17.0	27.0	22.0	0.828	1.665	0.857598	0.261242	8.91	5.26	[[17, 34], [22, 27]]	[[5, 11], [7, 9]]	[[17, 34], [22, 27]]
633	31.0	38.0	30.0	33.0	0.7712	0.473	8.55637	6.21512	6.7	7.02	[[31, 38], [30, 33]]	[[10], [10]]	[[31, 38], [30, 33]]
634	33.0	30.0	31.0	33.0	0.873	1.254	7.95136	0.255874	5.25	4.15	[[33], [31]]	[[10], [11]]	[[33], [31]]
635	32.0	43.0	29.0	30.0	0.461	2.536	0.535261	0.878338	5.71	4.64	[[32, 43], [29, 30]]	[[14], [10]]	[[32, 43], [29, 30]]
636	33.0	33.0	31.0	32.0	0.943	1.311	2.76188	2.22005	5.25	7.65	[[33], [32]]	[[11], [10]]	[[33], [32]]
637	33.0	21.0	33.0	36.0	3.056	2.388	0.830234	0.365485	8.94	6.0	[[33, 21], [33, 36]]	[[11], [11]]	[[33, 21], [33, 36]]
638	33.0	17.0	32.0	31.0	1.168	1.227	0.430631	0.538721	5.78	5.53	[[17, 33], [31, 32]]	[[5, 11], [10, 10]]	[[17, 33], [31, 32]]
639	33.0	34.0	32.0	43.0	1.461	0.497	0.44524	0.704838	7.74	7.61	[[33, 34], [32, 43]]	[[11], [14]]	[[33, 34], [32, 43]]
640	32.0	27.0	29.0	40.0	0.605	1.092	41.7618	0.491988	7.44	5.22	[[32], [29]]	[[10], [9]]	[[32], [29]]
641	30.0	31.0	29.0	34.0	0.5482	0.703	2.29782	0.967614	9.17	9.91	[[30], [29]]	[[10], [9]]	[[30], [29]]
642	32.0	28.0	31.0	40.0	0.382	1.427	10.1963	1.65648	8.73	5.61	[[32, 28], [31, 40]]	[[10], [10]]	[[32], [31]]
643	32.0	23.0	30.0	39.0	0.686	1.311	0.937073	2.22005	6.82	7.65	[[32, 23, 23], [30, 39, 39]]	[[7], [13]]	[[32, 23], [30, 39]]
644	34.0	30.0	32.0	30.0	0.523	0.755	0.677442	8.62294	8.2	9.55	[[30], [30]]	[[10], [10]]	[[30], [30]]
645	32.0	36.0	31.0	31.0	0.901	1.6102	0.944593	0.441505	7.3	4.71	[[32], [31]]	[[10], [10]]	[[32], [31]]
646	31.0	30.0	29.0	36.0	0.538	0.299	1.22867	2.76894	7.17	2.96	[[31, 30], [29, 36]]	[[10], [12]]	[[30], [36]]
647	33.0	23.0	30.0	28.0	0.841	1.608	0.50575	0.220299	6.56	4.59	[[23, 33], [28, 30]]	[[7], [9]]	[[23, 33], [28, 30]]
648	30.0	23.0	29.0	33.0	0.392	0.5623	0.700332	6.41507	2.87	5.43	[[30, 23], [29, 33]]	[[7], [11]]	[[23], [33]]
649	33.0	26.0	32.0	45.0	1.927	0.594	0.487274	1.16579	5.8	9.43	[[33, 26], [32, 45]]	[[8], [15]]	[[33, 26], [32, 45]]
650	31.0	41.0	29.0	37.0	1.627	0.734	0.602973	44.9924	6.18	9.12	[[31, 41], [29, 37]]	[[13], [12]]	[[41], [37]]
651	32.0	34.0	31.0	47.0	0.736	0.668	3.5268	1.47458	4.69	7.39	[[32, 34], [31, 47]]	[[10], [10]]	[[32], [31]]
652	33.0	19.0	31.0	30.0	0.273	0.2135	0.604612	204.163	6.06	7.49	[[19], [30]]	[[6], [10]]	[[19], [30]]
653	31.0	40.0	29.0	33.0	0.6799	0.453	2.5589	1.6876	6.94	9.69	[[31], [29]]	[[10], [9]]	[[31, 40], [29, 33]]
654	31.0	38.0	31.0	35.0	1.503	1.575	0.775783	0.451995	9.87	7.72	[[38], [35]]	[[10], [10]]	[[31, 38], [31, 35]]
655	30.0	17.0	31.0	27.0	1.173	0.734	0.307741	4.01281	5.53	6.83	[[17, 30], [27, 31]]	[[5], [9]]	[[17], [27]]
656	33.0	19.0	33.0	26.0	1.931	0.967	1.06427	1.61927	5.0	6.68	[[19], [26]]	[[6], [8]]	[[19], [26]]
657	30.0	41.0	31.0	42.0	0.732	1.6105	20.1827	1.27332	6.31	6.75	[[30, 41], [31, 42]]	[[10], [10]]	[[30], [31]]
658	33.0	40.0	31.0	38.0	0.145	0.451	116.428	0.502772	9.25	8.55	[[33], [31]]	[[11], [10]]	[[33, 40], [31, 38]]
659	30.0	20.0	29.0	30.0	0.7322	0.366	2.56539	28.7348	9.56	5.84	[[30, 20], [29, 30]]	[[6], [10]]	[[20], [30]]
660	30.0	23.0	31.0	29.0	1.897	2.4485	0.61167	0.515165	4.72	9.76	[[30, 23], [31, 29]]	[[7], [9]]	[[30, 23], [31, 29]]
661	33.0	27.0	30.0	31.0	1.669	1.074	0.42007	0.599968	4.63	7.3	[[33, 27], [30, 31]]	[[9], [10]]	[[33], [30]]
662	35.0	19.0	32.0	34.0	1.644	1.149	0.705653	0.644746	9.28	6.65	[[35, 19], [32, 34]]	[[6], [11]]	[[35, 19], [32, 34]]
663	32.0	23.0	31.0	27.0	0.951	1.4151	0.518435	0.448087	7.03	6.44	[[23, 32], [27, 31]]	[[7], [9]]	[[23, 32], [27, 31]]
664	30.0	26.0	30.0	41.0	1.6095	0.609	0.353799	3.44128	4.9	8.48	[[30, 26], [30, 41]]	[[8], [13]]	[[26], [41]]
665	34.0	24.0	28.0	33.0	2.03	2.32	0.378666	1.64963	9.0	5.97	[[34, 24], [28, 33]]	[[8], [11]]	[[24], [33]]
666	33.0	25.0	33.0	42.0	0.736	1.23	5.78762	0.900892	5.66	6.36	[[33, 25], [33, 42]]	[[11], [11]]	[[33], [33]]
667	29.0	22.0	29.0	22.0	1.099	0.493	1.68364	1.35341	7.46	9.27	[[22, 29], [22, 29]]	[[9], [9]]	[[22, 29], [22, 29]]
668	36.0	32.0	35.0	33.0	0.828	0.593	0.857598	0.420784	8.91	5.58	[[32], [33]]	[[10], [11]]	[[32], [33]]
669	33.0	20.0	32.0	22.0	2.111	1.6112	0.176366	0.263632	4.4	6.79	[[20], [22]]	[[6], [7]]	[[20, 20], [22, 22]]
670	31.0	27.0	30.0	38.0	0.664	0.419	5.16673	1.24277	5.94	3.22	[[31, 27], [30, 38]]	[[10], [10]]	[[31], [30]]
671	33.0	21.0	31.0	39.0	1.198	1.477	0.700794	0.95879	5.1	5.42	[[33, 21], [31, 39]]	[[7], [13]]	[[33, 21], [31, 39]]
672	33.0	37.0	29.0	46.0	0.712	2.4487	0.730624	0.903286	9.5	7.36	[[33, 37], [29, 46]]	[[12], [15]]	[[33, 37], [29, 46]]
673	33.0	35.0	30.0	32.0	2.719	0.7306	0.547389	1.24116	6.52	9.56	[[33], [30]]	[[11], [10]]	[[35], [32]]
674	31.0	18.0	31.0	38.0	1.196	2.1934	0.540018	0.587077	6.66	7.86	[[31, 18, 18], [31, 38, 38]]	[[10, 6], [10, 12]]	[[31, 18], [31, 38]]
675	31.0	26.0	30.0	37.0	1.128	1.631	0.358026	0.855709	7.47	9.23	[[26], [37]]	[[8], [12]]	[[31, 26], [30, 37]]
676	31.0	20.0	30.0	31.0	1.166	1.8419	1.60713	0.669216	5.98	6.41	[[31, 20], [30, 31]]	[[6], [10]]	[[31, 20], [30, 31]]
677	32.0	19.0	29.0	31.0	0.955	1.173	0.924123	0.307741	6.75	5.53	[[32, 19], [29, 31]]	[[10], [9]]	[[32, 19], [29, 31]]
678	27.0	41.0	30.0	40.0	2.4023	0.741	2.41499	0.931715	9.11	8.15	[[27, 41], [30, 40]]	[[9, 13], [10, 13]]	[[27, 41], [30, 40]]
679	32.0	20.0	30.0	39.0	0.204	2.484	0.537842	0.542781	7.04	7.41	[[32, 20], [30, 39]]	[[10, 6], [10, 13]]	[[32, 20], [30, 39]]
680	33.0	28.0	30.0	32.0	0.887	1.297	1.27341	0.805272	4.58	7.48	[[33, 28], [30, 32]]	[[9], [10]]	[[33], [30]]
681	32.0	29.0	30.0	43.0	1.829	0.677	0.852677	0.761829	7.61	7.86	[[32, 29], [30, 43]]	[[10, 9], [10, 14]]	[[32, 29], [30, 43]]
682	33.0	29.0	31.0	46.0	1.226	0.368	0.47979	6.68551	6.49	7.0	[[33, 29], [31, 46]]	[[9], [15]]	[[29], [46]]
683	32.0	16.0	31.0	27.0	1.224	1.644	0.568826	0.225346	8.52	5.51	[[16, 32], [27, 31]]	[[10], [10]]	[[16, 32], [27, 31]]
684	33.0	39.0	30.0	37.0	0.855	0.729	0.4034	8.15265	6.46	5.53	[[33, 39], [30, 37]]	[[13], [12]]	[[39], [37]]
685	32.0	17.0	30.0	39.0	1.222	1.031	1.37254	45.4647	5.36	4.48	[[32, 17], [30, 39]]	[[5], [13]]	[[17], [39]]
686	31.0	19.0	31.0	31.0	0.5471	0.3331	2.33635	1.36215	9.2	8.18	[[19, 31], [31, 31]]	[[10], [10]]	[[19, 31], [31, 31]]
687	31.0	30.0	29.0	42.0	1.065	1.297	1.34041	0.657879	4.28	5.78	[[31, 30], [29, 42]]	[[10], [9]]	[[31, 30], [29, 42]]
688	31.0	25.0	31.0	26.0	0.736	1.213	3.5268	0.57843	4.69	6.99	[[25, 31], [26, 31]]	[[10], [10]]	[[31], [31]]
689	33.0	30.0	32.0	43.0	0.917	0.6536	1.87458	3.70973	6.11	7.49	[[33, 30], [32, 43]]	[[10], [14]]	[[30], [43]]
690	32.0	31.0	29.0	42.0	1.536	0.33	0.416352	0.940852	8.76	7.08	[[31], [42]]	[[10], [14]]	[[31], [42]]
691	33.0	31.0	31.0	39.0	0.299	0.975	2.77478	2.95872	6.53	6.92	[[33, 31], [31, 39]]	[[10], [13]]	[[33, 31], [31, 39]]
692	32.0	25.0	31.0	42.0	1.6042	1.591	1.37335	0.557922	6.59	7.18	[[32, 25], [31, 42]]	[[8], [14]]	[[32, 25], [31, 42]]
693	32.0	26.0	31.0	29.0	0.726	1.874	4.66337	0.514909	9.07	5.2	[[26, 32], [29, 31]]	[[10], [10]]	[[32], [31]]
694	33.0	43.0	32.0	39.0	0.382	1.673	23.1314	0.269877	5.97	4.49	[[33, 43], [32, 39]]	[[11], [10]]	[[33], [32]]
695	32.0	25.0	32.0	31.0	1.593	1.022	0.10153	4.94618	5.79	5.92	[[25], [31]]	[[8], [10]]	[[25], [31]]
696	33.0	20.0	32.0	36.0	1.57	0.387	0.210549	4.74704	5.27	4.17	[[20], [36]]	[[6], [12]]	[[20], [36]]
697	31.0	20.0	31.0	28.0	0.68	1.188	4.78845	0.584737	5.04	7.94	[[20, 20, 31], [28, 28, 31]]	[[10], [10]]	[[31], [31]]
698	31.0	40.0	30.0	36.0	1.595	0.974	0.429052	0.427946	6.95	5.05	[[31, 40], [30, 36]]	[[10], [10]]	[[31, 40], [30, 36]]
699	32.0	16.0	30.0	36.0	1.866	0.523	0.568842	30.7644	5.24	5.84	[[32, 16], [30, 36]]	[[5], [12]]	[[16], [36]]
700	32.0	24.0	29.0	24.0	0.2859	0.306	2.85404	1.04433	5.91	8.22	[[24, 32], [24, 29]]	[[10], [9]]	[[24, 32], [24, 29]]
701	34.0	22.0	31.0	20.0	1.084	1.594	0.79417	0.338029	5.93	7.82	[[34], [31]]	[[7, 11], [6, 10]]	[[34], [31]]
702	32.0	32.0	32.0	40.0	1.681	0.556	0.183553	0.358704	6.25	6.23	[[32, 32], [32, 40]]	[[10], [10]]	[[32, 32], [32, 40]]
703	32.0	27.0	30.0	33.0	1.513	0.736	0.284997	8.752	4.25	6.26	[[27], [33]]	[[9], [11]]	[[27], [33]]
704	32.0	33.0	31.0	39.0	0.7	0.736	1.74387	5.78762	7.12	5.66	[[32, 33], [31, 39]]	[[11], [13]]	[[32, 33], [31, 39]]
705	34.0	23.0	29.0	36.0	0.546	1.019	7.57406	1.76936	9.26	6.04	[[34, 23], [29, 36]]	[[11], [9]]	[[34, 23], [29, 36]]
706	33.0	30.0	33.0	37.0	1.041	0.686	2.32946	1.00704	5.68	9.21	[[33], [33]]	[[11], [11]]	[[33], [33]]
707	32.0	28.0	30.0	38.0	0.147	0.831	174.617	3.35213	7.24	6.05	[[32], [30]]	[[10], [10]]	[[32], [30]]
708	35.0	26.0	30.0	40.0	1.311	0.631	2.22005	1.6647	7.65	8.65	[[35, 35, 26], [30, 30, 40]]	[[8], [13]]	[[35, 26], [30, 40]]
709	33.0	19.0	31.0	34.0	0.8394	1.191	2.82865	2.85086	6.06	8.87	[[33, 19], [31, 34]]	[[11], [10]]	[[33], [31]]
710	33.0	33.0	31.0	43.0	0.5669	0.7638	26.169	1.83489	6.01	7.61	[[33, 33], [31, 43]]	[[11], [10]]	[[33], [31]]
711	34.0	32.0	34.0	42.0	1.644	1.016	0.705653	0.740703	9.28	7.26	[[34, 34, 32], [34, 34, 42]]	[[10], [14]]	[[34, 32], [34, 42]]
712	31.0	35.0	31.0	44.0	0.545	2.008	118.51	0.579473	3.62	6.42	[[31], [31]]	[[10], [10]]	[[31], [31]]
713	32.0	23.0	30.0	41.0	0.236	0.831	1.08151	3.35213	6.08	6.05	[[32, 23], [30, 41]]	[[7], [13]]	[[32, 23], [30, 41]]
714	33.0	34.0	31.0	43.0	1.407	1.311	0.746976	2.22005	7.56	7.65	[[33, 34], [31, 43]]	[[11], [14]]	[[33, 34], [31, 43]]
715	33.0	21.0	33.0	33.0	0.722	0.496	5.73336	0.790721	5.84	8.09	[[21, 33], [33, 33]]	[[11], [11]]	[[33, 21], [33, 33]]
716	32.0	27.0	31.0	40.0	0.726	1.011	4.66337	2.04873	9.07	9.29	[[32, 27], [31, 40]]	[[10], [10]]	[[32, 27], [31, 40]]
717	32.0	37.0	34.0	34.0	1.602	1.056	0.310856	0.871621	8.9	5.9	[[37], [34]]	[[10], [11]]	[[37], [34]]
718	32.0	28.0	30.0	34.0	1.2458	0.247	0.642663	82.0064	9.95	6.53	[[28], [34]]	[[9], [11]]	[[28], [34]]
719	33.0	22.0	30.0	22.0	2.1375	1.61	0.645504	0.35827	7.32	3.93	[[22, 33], [22, 30]]	[[7], [7]]	[[22, 33], [22, 30]]
720	33.0	33.0	29.0	37.0	2.259	0.531	0.25943	2.25041	9.18	6.74	[[33], [37]]	[[11], [12]]	[[33], [37]]
721	32.0	29.0	30.0	38.0	1.178	1.4151	2.49563	0.448087	6.5	6.44	[[32, 29], [30, 38]]	[[10], [10]]	[[32], [30]]
722	30.0	34.0	29.0	32.0	2.8102	0.692	0.681992	2.61935	6.26	5.7	[[34], [32]]	[[10], [9]]	[[34], [32]]
723	34.0	17.0	30.0	29.0	0.489	2.688	1.99034	0.647214	3.1	4.28	[[17, 34], [29, 30]]	[[11], [10]]	[[34], [30]]
724	33.0	36.0	29.0	36.0	1.045	2.803	0.679116	0.565903	4.67	8.44	[[33], [29]]	[[11], [9]]	[[33, 36], [29, 36]]
725	31.0	24.0	28.0	41.0	1.03	0.708	0.83949	2.06607	8.45	7.22	[[31, 24], [28, 41]]	[[8], [13]]	[[24], [41]]
726	33.0	32.0	29.0	28.0	2.3036	2.4487	1.2518	0.903286	6.5	7.36	[[33], [29]]	[[10], [9]]	[[33], [29]]
727	33.0	16.0	32.0	37.0	1.005	0.453	0.465907	1.6876	4.92	9.69	[[33, 16], [32, 37]]	[[5], [12]]	[[33, 16], [32, 37]]
728	31.0	23.0	30.0	22.0	0.686	1.617	0.937073	3.36536	6.82	4.0	[[23, 31], [22, 30]]	[[7], [7]]	[[23], [22]]
729	33.0	28.0	32.0	42.0	2.0799	1.124	0.467637	0.854996	4.62	7.78	[[33, 28], [32, 42]]	[[9], [14]]	[[33, 28], [32, 42]]
730	32.0	33.0	32.0	37.0	0.628	1.969	1.03514	0.742095	9.68	5.85	[[33], [37]]	[[11], [12]]	[[33], [37]]
731	31.0	28.0	29.0	30.0	0.736	1.018	0.866754	4.58889	7.57	7.27	[[28], [30]]	[[9], [10]]	[[31], [29]]
732	34.0	22.0	31.0	33.0	1.032	0.736	1.21397	5.78762	6.77	5.66	[[34, 22], [31, 33]]	[[7], [11]]	[[34, 22], [31, 33]]
733	33.0	39.0	31.0	44.0	0.839	1.037	1.60687	2.14194	7.03	5.8	[[33, 39], [31, 44]]	[[13], [14]]	[[33, 39], [31, 44]]
734	31.0	22.0	31.0	35.0	0.726	2.34	4.66337	0.632304	9.07	4.11	[[31, 22], [31, 35]]	[[10], [10]]	[[31, 22], [31, 35]]
735	31.0	27.0	31.0	40.0	1.705	2.726	0.445692	1.103	9.6	3.84	[[31, 27], [31, 40]]	[[9], [13]]	[[27], [40]]
736	32.0	32.0	30.0	31.0	0.896	0.3091	5.38452	5.34158	8.55	6.97	[[32], [31]]	[[10], [10]]	[[32], [31]]
737	32.0	26.0	30.0	44.0	1.188	0.895	0.62662	1.34422	4.66	5.69	[[32, 26], [30, 44]]	[[8], [14]]	[[32, 26], [30, 44]]
738	31.0	40.0	30.0	45.0	0.726	0.9706	6.02802	3.10074	6.44	7.63	[[31, 40], [30, 45]]	[[10, 13], [10, 15]]	[[31, 40], [30, 45]]
739	31.0	20.0	30.0	30.0	1.032	1.173	1.33282	0.307741	4.03	5.53	[[31, 20], [30, 30]]	[[10], [10]]	[[31], [30]]
740	30.0	28.0	30.0	32.0	2.549	0.306	0.0793536	1.17781	4.35	3.55	[[28], [32]]	[[9], [10]]	[[28], [32]]
741	33.0	32.0	31.0	39.0	0.907	1.03	1.28898	1.56569	5.75	9.52	[[33, 32], [31, 39]]	[[10], [13]]	[[33, 32], [31, 39]]
742	32.0	27.0	24.0	24.0	1.602	0.604	0.310856	5.63761	8.9	6.99	[[27], [24]]	[[9], [8]]	[[27], [24]]
743	33.0	24.0	32.0	41.0	1.896	1.613	0.394064	1.25197	4.84	7.95	[[33, 24], [32, 41]]	[[8], [13]]	[[24], [41]]
744	33.0	22.0	30.0	23.0	0.5669	0.613	26.169	1.18072	6.01	8.64	[[33], [30]]	[[11], [10]]	[[33], [30]]
745	32.0	20.0	33.0	36.0	1.037	2.138	3.75165	0.508087	8.17	6.17	[[32, 20], [33, 36]]	[[10], [11]]	[[32, 20], [33, 36]]
746	33.0	42.0	30.0	41.0	0.992	1.023	0.75507	0.946861	6.49	5.18	[[33, 42], [30, 41]]	[[14], [13]]	[[33, 42], [30, 41]]
747	33.0	29.0	32.0	36.0	1.041	0.974	2.32946	0.427946	5.68	5.05	[[33, 29], [32, 36]]	[[11], [10]]	[[33], [32]]
748	30.0	25.0	30.0	44.0	1.851	1.903	0.366686	0.628544	5.43	5.58	[[30, 25], [30, 44]]	[[10, 8], [10, 14]]	[[30, 25], [30, 44]]
749	33.0	21.0	32.0	44.0	0.5337	1.256	1.09735	0.532132	4.3	7.41	[[33, 21], [32, 44]]	[[11, 7], [10, 14]]	[[33], [32]]
750	30.0	30.0	31.0	42.0	0.593	0.3459	0.420784	18.2646	5.58	7.46	[[30], [42]]	[[10], [14]]	[[30], [42]]
751	33.0	30.0	31.0	36.0	0.95	0.814	0.833346	1.46218	6.32	9.14	[[33, 30], [31, 36]]	[[10], [12]]	[[33], [31]]
752	32.0	31.0	30.0	30.0	0.8372	1.576	1.95664	0.320803	5.09	4.97	[[32], [30]]	[[10], [10]]	[[32], [30]]
753	33.0	23.0	31.0	42.0	1.6011	1.011	0.604918	0.990137	8.02	8.59	[[33, 23], [31, 42]]	[[11, 7], [10, 14]]	[[33, 23], [31, 42]]
754	32.0	37.0	30.0	38.0	0.247	1.393	82.0064	1.06871	6.53	7.39	[[32], [30]]	[[10], [10]]	[[32], [30]]
755	33.0	32.0	33.0	31.0	1.085	1.2171	0.616696	1.41307	5.72	6.44	[[32], [31]]	[[10], [10]]	[[32], [31]]
756	34.0	29.0	33.0	41.0	0.524	0.86	5.71779	0.86388	7.35	9.99	[[34, 29], [33, 41]]	[[11], [11]]	[[34], [33]]
757	34.0	25.0	31.0	23.0	1.61	0.676	1.28166	3.77836	6.23	5.24	[[25, 34], [23, 31]]	[[8], [7]]	[[25, 34], [23, 31]]
758	32.0	41.0	31.0	42.0	0.2764	0.501	9.24573	1.16825	6.54	5.99	[[32, 41], [31, 42]]	[[10], [10]]	[[32], [31]]
759	33.0	25.0	31.0	48.0	0.551	0.895	2.4002	1.34422	6.92	5.69	[[33, 25], [31, 48]]	[[11, 8], [10, 16]]	[[33, 25], [31, 48]]
760	32.0	38.0	30.0	35.0	0.6676	0.668	15.2096	14.2237	8.85	5.55	[[32, 38], [30, 35]]	[[10], [10]]	[[32, 38], [30, 35]]
761	32.0	33.0	31.0	44.0	0.8	0.597	0.793811	0.579919	7.31	3.27	[[32, 33], [31, 44]]	[[10], [10]]	[[32], [31]]
762	33.0	23.0	32.0	26.0	1.461	0.665	0.44524	5.79587	7.74	6.36	[[23], [26]]	[[7], [8]]	[[23], [26]]
763	31.0	33.0	31.0	40.0	1.874	2.008	0.514909	0.579473	5.2	6.42	[[31, 33], [31, 40]]	[[10], [10]]	[[31, 33], [31, 40]]
764	33.0	29.0	30.0	43.0	0.579	2.338	0.449507	0.901624	7.47	7.22	[[33, 29], [30, 43]]	[[9], [14]]	[[33, 29], [30, 43]]
765	33.0	34.0	31.0	32.0	0.667	0.708	8.537	2.06607	6.17	7.22	[[33], [31]]	[[11], [10]]	[[34], [32]]
766	31.0	39.0	30.0	36.0	1.601	1.018	0.231404	4.58889	4.4	7.27	[[39], [36]]	[[13], [12]]	[[31, 39], [30, 36]]
767	33.0	32.0	30.0	33.0	0.96	0.528	0.540236	15.8051	6.01	5.95	[[32], [33]]	[[10], [11]]	[[32], [33]]
768	30.0	44.0	31.0	34.0	1.62	0.6676	0.434846	15.2096	5.12	8.85	[[30, 44], [31, 34]]	[[14], [11]]	[[44], [34]]
769	34.0	23.0	31.0	39.0	1.362	0.631	2.43765	1.6647	8.37	8.65	[[34, 23], [31, 39]]	[[7], [13]]	[[34, 23], [31, 39]]
770	33.0	28.0	31.0	37.0	0.91	0.907	1.55326	1.28898	9.07	5.75	[[33, 28], [31, 37]]	[[9], [12]]	[[33, 28], [31, 37]]
771	34.0	32.0	32.0	38.0	2.388	0.951	0.365485	0.518435	6.0	7.03	[[34, 32], [32, 38]]	[[10], [12]]	[[32], [38]]
772	32.0	23.0	34.0	27.0	0.883	0.831	1.5466	3.35213	7.63	6.05	[[23, 32], [27, 34]]	[[7], [9]]	[[23, 32], [27, 34]]
773	31.0	36.0	30.0	40.0	1.0832	2.539	3.39527	0.821628	6.78	8.67	[[31, 36], [30, 40]]	[[10], [10]]	[[31], [30]]
774	33.0	23.0	31.0	35.0	1.27	0.525	0.375454	4.55869	5.64	6.34	[[33, 23], [31, 35]]	[[7], [11]]	[[33, 23], [31, 35]]
775	32.0	23.0	30.0	40.0	2.979	0.737	0.473206	1.9451	9.04	5.1	[[32, 23], [30, 40]]	[[7], [13]]	[[23], [40]]
776	31.0	29.0	30.0	46.0	0.54	1.896	0.647577	0.394064	7.37	4.84	[[31, 29], [30, 46]]	[[10, 9], [10, 15]]	[[31, 29], [30, 46]]
777	33.0	40.0	32.0	38.0	1.518	2.8102	0.999589	0.681992	9.2	6.26	[[33, 33, 40], [32, 32, 38]]	[[13], [12]]	[[33, 40], [32, 38]]
778	32.0	24.0	31.0	30.0	0.6695	0.9992	1.28198	1.35526	9.62	9.65	[[32], [31]]	[[8], [10]]	[[32], [31]]
779	31.0	18.0	29.0	34.0	0.667	1.278	11.187	0.47394	6.02	6.75	[[31, 18], [29, 34]]	[[10], [9]]	[[31], [29]]
780	33.0	19.0	31.0	43.0	0.943	0.726	2.76188	6.02802	5.25	6.44	[[33, 19], [31, 43]]	[[11, 6], [10, 14]]	[[33, 19], [31, 43]]
781	34.0	23.0	33.0	36.0	0.612	2.127	1.2489	0.457601	9.7	5.6	[[34, 23], [33, 36]]	[[11], [11]]	[[23, 34], [36, 33]]
782	35.0	29.0	31.0	36.0	1.687	1.173	0.525717	0.307741	6.88	5.53	[[35, 29], [31, 36]]	[[9], [12]]	[[35, 29], [31, 36]]
783	33.0	42.0	30.0	36.0	0.8394	0.666	2.82865	7.40094	6.06	6.32	[[33, 42], [30, 36]]	[[14], [12]]	[[33, 42], [30, 36]]
784	33.0	31.0	31.0	34.0	0.142	0.968	1.17766	3.79862	9.19	5.11	[[31], [34]]	[[10], [11]]	[[31], [34]]
785	33.0	20.0	30.0	37.0	1.77	1.816	0.092309	0.578015	4.93	8.16	[[20], [37]]	[[6], [12]]	[[20], [37]]
786	31.0	31.0	30.0	34.0	0.627	1.213	4.0873	0.57843	4.97	6.99	[[31], [30]]	[[10], [10]]	[[31], [30]]
787	33.0	20.0	30.0	44.0	1.023	1.379	0.946861	1.32458	5.18	6.67	[[33, 20], [30, 44]]	[[11, 6], [10, 14]]	[[33, 20], [30, 44]]
788	32.0	28.0	30.0	32.0	1.513	0.334	0.284997	0.808169	4.25	5.54	[[28], [32]]	[[9], [10]]	[[32], [30]]
789	31.0	29.0	31.0	30.0	1.031	0.731	45.4647	4.99158	4.48	9.43	[[31], [31]]	[[9], [10]]	[[31], [31]]
790	32.0	26.0	32.0	32.0	2.7708	0.593	0.752785	0.947183	6.02	7.77	[[26, 32], [32, 32]]	[[8], [10]]	[[32, 26], [32, 32]]
791	31.0	30.0	30.0	40.0	0.5623	1.9403	6.41507	1.08691	5.43	4.25	[[31, 30], [30, 40]]	[[10], [10]]	[[31], [30]]
792	33.0	22.0	30.0	35.0	1.627	1.681	0.602973	0.183553	6.18	6.25	[[33, 22], [30, 35]]	[[11], [10]]	[[33, 22], [30, 35]]
793	32.0	22.0	30.0	30.0	0.453	1.222	1.6876	1.84259	9.69	5.15	[[22, 32], [30, 30]]	[[7], [10]]	[[32, 22], [30, 30]]
794	32.0	29.0	31.0	40.0	1.031	0.637	45.4647	1.08108	4.48	5.53	[[32, 29], [31, 40]]	[[10], [10]]	[[32], [31]]
795	34.0	23.0	32.0	38.0	2.01	0.593	0.408832	0.947183	6.73	7.77	[[34, 23], [32, 38]]	[[7], [12]]	[[34, 23], [32, 38]]
796	33.0	19.0	31.0	33.0	1.327	0.6658	0.248308	10.4211	5.82	6.79	[[19], [33]]	[[6], [11]]	[[19], [33]]
797	34.0	18.0	30.0	35.0	1.548	0.995	0.244341	1.10017	6.07	9.05	[[18], [35]]	[[6], [11]]	[[18], [35]]
798	33.0	45.0	31.0	31.0	1.179	1.037	0.289737	4.54489	4.57	3.91	[[33, 45], [31, 31]]	[[15], [10]]	[[45], [31]]
799	32.0	21.0	30.0	33.0	0.907	1.903	3.47118	0.628544	8.25	5.58	[[32, 21], [30, 33]]	[[10], [10]]	[[32, 21], [30, 33]]
800	33.0	30.0	30.0	41.0	1.576	1.297	0.320803	0.657879	4.97	5.78	[[33, 30], [30, 41]]	[[10], [13]]	[[33, 30], [30, 41]]
801	32.0	31.0	30.0	48.0	0.5368	1.173	14.4865	0.903975	7.18	6.02	[[32, 31], [30, 48]]	[[10], [10]]	[[32], [30]]
802	34.0	18.0	31.0	29.0	1.221	0.5246	0.700536	3.89227	5.41	9.49	[[18, 34], [29, 31]]	[[6], [9]]	[[18, 34], [29, 31]]
803	31.0	26.0	30.0	23.0	0.6481	0.7086	4.24328	-99.0	8.7	7.56	[[26, 31], [23, 30]]	[[8], [7]]	[[26, 31], [23, 30]]
804	30.0	23.0	29.0	26.0	0.6705	0.3091	1.97629	5.34158	8.35	6.97	[[23, 30], [26, 29]]	[[7], [8]]	[[23, 30], [26, 29]]
805	33.0	21.0	33.0	36.0	0.631	0.632	1.6647	4.25726	8.65	7.56	[[33, 21], [33, 36]]	[[7], [12]]	[[21], [36]]
806	33.0	30.0	30.0	35.0	0.125	1.019	1.39055	0.70179	8.07	4.59	[[33, 30], [30, 35]]	[[11], [10]]	[[30], [35]]
807	32.0	35.0	34.0	39.0	1.034	0.636	1.30614	1.14464	6.95	6.41	[[32, 35], [34, 39]]	[[10], [11]]	[[32, 32, 35], [34, 34, 39]]
808	32.0	25.0	31.0	33.0	0.613	0.496	1.18072	0.790721	8.64	8.09	[[32, 25], [31, 33]]	[[8], [11]]	[[32, 25], [31, 33]]
809	32.0	25.0	31.0	32.0	0.573	2.127	1.63987	0.457601	7.56	5.6	[[32, 25], [31, 32]]	[[8], [10]]	[[32, 25], [31, 32]]
810	32.0	25.0	32.0	37.0	1.23	0.577	0.900892	5.31986	6.36	9.23	[[32, 25], [32, 37]]	[[8], [12]]	[[32, 25], [32, 37]]
811	33.0	20.0	30.0	27.0	1.186	0.5458	0.171455	1.4502	4.7	8.38	[[20, 33], [27, 30]]	[[6], [9]]	[[20], [27]]
812	33.0	41.0	32.0	34.0	1.695	0.1315	0.555036	3.44521	8.18	8.59	[[41], [34]]	[[13], [11]]	[[41], [34]]
813	33.0	34.0	32.0	40.0	0.661	1.016	0.893474	1.14666	7.12	6.43	[[33, 34], [32, 40]]	[[11], [13]]	[[33, 34], [32, 40]]
814	31.0	42.0	30.0	39.0	1.312	0.651	0.338495	3.6589	5.23	9.26	[[31, 42], [30, 39]]	[[14], [13]]	[[31, 42], [30, 39]]
815	34.0	35.0	32.0	39.0	0.733	0.737	0.865709	1.01127	5.91	4.11	[[34, 35], [32, 39]]	[[11], [13]]	[[34, 35], [32, 39]]
816	32.0	20.0	29.0	25.0	1.383	0.605	1.05414	18.5945	7.79	6.4	[[20], [25]]	[[6], [8]]	[[20], [25]]
817	32.0	27.0	30.0	35.0	2.474	2.231	0.273386	0.989564	4.42	8.01	[[32, 27], [30, 35]]	[[9], [11]]	[[27], [35]]
