# 0-Input_flux1 1-input_flux2 2-input_chi2per1 3-input_chi2per2 4-input_flux1_err 5-input_flux2_err6-hires_deblended_flux1  7-hires_deblended_flux2  8-hires_deblended_flux1_err  9-hires_deblended_flux2_err10-lores_deblended_flux1  11-lores_deblended_flux2   12-lores_deblended_chi2per   13-lores_deblended_flux1_err14-lores_deblended_flux2_err  15-lores_blended_flux   16-lores_blended_chi2per   17-lores_blended_flux_err
0.6663687209243353	1.2125834654914538	1.4252535936419353	1.3088601699839266	0.017525964392996172	0.013080420366854714	347.6172761919552	204.184232301258	69.15513631501699	32.23315637115131	0.4171168320535775	2.105171918746274	1.3198106322273588	0.13765005457343163	0.5304545149345479	2.4945232025535953	3.198650524115742	1.1159675185166786	
16.414132670474086	0.8127156157048354	49.05227547724156	1.5305038391494965	0.6393062803683939	0.016991349993851778	0.5051117797354817	0.25771005820560366	0.19958027576292006	0.06931177020601023	8.185709973110635	-2.9492563452450127	1.7483954443505711	5.9086194524683044	2.322661727690854	2.5964639165767114	3.1954627386186507	0.5899189654432068	
0.3300370588240868	1.0062209399393414	1.0185573021296472	1.4892948413894205	0.009793274537089766	0.018992173916935622	0.4213364763488653	-0.07636704934375672	0.23163822410788967	0.17786496769813215	1.2493782802000533	0.08775809212783754	1.4203365540307662	0.21241138935103115	0.14754906703342985	2.790742987600648	2.1949331289453347	1.7216857745672185	
0.1771593875686347	0.548392315757447	0.31870840324867156	1.242866259939122	0.0059112272628068716	0.009140397359514633	-0.23198527524296073	0.02101486902877662	0.26924361770091965	0.2612699012602611	0.11180600040677922	1.98578286002215	1.487988959294191	1.4984505858282982	1.5253939556641722	1.4759511380294101	1.821128994352361	2.263092172225643	
0.4324502923162968	0.19882234350175304	0.9456530937414914	1.6919457717667374	0.04120483047109439	0.006821736119441969	-0.013070029813282898	-0.032309874188784525	0.08855847084204957	0.10518459320303498	0.3423978965431654	-0.07926746053999106	1.334011446254429	0.7960842752182592	4.050039236195821	0.5823550046295151	1.3383922449963657	1.5903148891559526	
1.0951309276125123	0.4378957501841529	1.3458059255648136	1.2447847656055648	0.03836540312762937	0.01188012696163689	-0.3595769809115128	0.46615862573753436	0.24415990476801328	0.22412124740958947	0.6186308176381277	0.31607827560495255	1.7508805387476	0.08337859647727174	0.0796383386278989	-1.5253772501379068	2.4889135425815487	1.8957886102119035	
0.22605102850383135	0.8081721949925563	0.9312298727623883	1.7496630588765112	0.00963411998630747	0.04493147530549327	-0.03586831673199857	0.10404014835346075	0.08823631842802952	0.17498888479927183	-1.522692198954732	1.3405523033246336	1.2861755884525676	2.0946043506213203	1.5574042330782145	0.1692256249380649	1.421884428995119	1.1929898039919467	
0.33855552853931786	0.52972785865266	0.5028259832186737	0.8962861573571542	0.011102331976268037	0.03282541787306507	-0.03276484181306468	-0.14640148204512218	0.2207863368880448	0.32748147370789316	0.40571996177606046	0.763953213212858	1.1100449503648098	0.130101594176889	0.7606168431278789	1.2117664194362607	1.3092902598150535	2.511903555633547	
0.12432232119162755	1.0536671254647032	1.3798928803167376	5.781778442666476	0.05007738200883403	0.1059151765382814	-0.10217457605499604	0.24811480304847086	0.2174692382355563	0.16350994524027235	2.723879453979998	-2.183188022321881	1.0815698080608167	1.2890089340222979	2.196884707396406	2.4965875301028126	1.686545957422129	1.7188673510144534	
1.1440179684183898	0.270498554360644	17.65696985592528	1.3646296551188404	0.006069118443282562	0.014173029584466335	0.09252397804850092	-0.004232417575306364	0.2195895439870148	0.033037184943266476	1.56390310547795	0.8309570815906714	0.980110175752617	0.5162685462184494	1.8629165550750093	-0.06425038675107328	1.9621728514044448	0.17027432973816672	
0.5646544015248928	0.6598797596261572	0.7573689314733075	1.0770444535194408	0.01618492011344816	0.03878849235255886	-0.02040436538358526	0.6372999477602426	0.03828823949062604	0.13815183761391117	0.29978947579022697	1.7511059514480753	0.8520263520776112	0.09189747866569492	1.9085501537176315	1.553776417100989	1.095997797539756	3.3114997324384663	
1.0151064474904594	0.07916343858229065	38.97909392169384	11.862410744625642	0.12029463529753354	0.16566752648995373	-0.40119508843784396	0.8122270276407055	0.7471580088873946	0.2478484810306613	0.7042609648628738	1.385685088242974	1.6371306765405282	0.18015166524591453	0.13463351597744536	4.1588515617807795	3.7873532659828473	1.5913213772167807	
0.6721713595113502	0.4045050127394094	0.9029604876519194	1.122095848117907	0.03438228700563776	0.014535438269403173	-0.09965505619401459	0.09829237641011852	0.3374379894060952	0.33483718995460887	0.5174199227061128	0.21441100169472027	1.196621396726335	0.12023975183908511	0.13520370703621365	0.10187413514747987	1.7334907518714893	3.6174822988466016	
1.8608911440902884	0.5016695433436215	57.64872132674198	30.475112241419854	0.5865243246040697	0.07050475882141304	0.6186212109060379	-0.123849359785545	0.5769345641728827	0.31938476384279624	2.090497757011616	4.516231810228943	1.4505284658967188	0.1958163192476521	0.17020750325531225	8.617454405899304	14.053031991500118	1.9398333021394447	
1.5766602286395768	0.45951011643128825	5.368193288640318	2.9742290243324248	0.13850046701102536	0.05545101938360686	0.3519060179913739	-0.06565152881331086	0.46637448490177513	0.2919034326819684	1.4837676606682204	1.5587650489502984	1.3890145240248226	2.77154254768117	1.1204042305609399	3.2828678538613643	2.136329091419071	1.2694141175805276	
4.002297803963997	0.5965238463983297	3.4792889186873026	1.370334589869717	0.05188196140057516	0.004323758500641234	-0.2293334633385801	1.5800270634609175	0.26348311324212764	0.4239739758700862	6.224501662580593	1.8583979523551453	1.6546932032218444	0.9375923289218872	1.7573721991501952	2.017940608985698	10.719213660272354	6.1905982613988275	
0.9630686814389392	0.3423343822380989	1.1387771915350964	1.2715442398790437	0.03135625581755881	0.008468732180439541	-0.13309837489983517	0.15340135364651838	0.28019535481152597	0.2868772952758963	1.3218613360641038	0.6965867976301163	0.8581371770180649	0.3164490978809871	0.7132856009341745	1.0511261931366311	1.3951036750460872	0.4375044666124103	
2.582686202878521	0.6008395151051609	7.17699343833924	0.470348815941469	0.08210327542136871	0.006529404530885767	-0.0570085916077416	-0.021086915285510294	0.44801970146887754	0.33358521626737836	2.986595730632535	-1.402644913549207	1.9398568510396446	1.308262040461153	2.4252395790735677	0.9273800894754032	4.684353697796601	0.47794383561532555	
0.9500934496433644	2.053908298066878	4.7223812609381355	14.84045284630651	0.08699931742117943	0.17362388088401176	-0.1883861254001933	0.7260073925715079	0.3776012808872831	0.38599721377641744	8.519045717682895	-9.677979168223926	1.2969207053546121	7.014861600381559	8.58859397703084	3.7504264167324317	3.9480895704730745	1.6604745206681943	
0.2439013625006085	0.33386455473104587	0.9907727616657882	1.0053614843827723	0.006368526507405038	0.009679077297837535	0.1476517472955729	0.004636117152881365	0.15303892570940203	0.05909111612600921	0.4249967814621871	0.497139369045557	1.0237167779896466	1.0613739421954538	0.8821854453569918	-0.2040322658833122	1.101354464933825	0.7825238939822002	
0.514698551838683	0.9245507967202488	8.322709455302968	0.8852386226067099	0.0037737154660882834	0.013275825286274157	-0.35578441683271367	0.6621050785772707	0.137078738806666	0.16367043076180066	2.063547960018816	0.678834729428336	1.025592911714754	0.8866632982017938	0.12468113693129866	2.639390436522259	1.795780179217582	1.028598934408433	
1.8604885937125106	5.125021795223502	1.068491598593254	0.7818008037471984	0.03581664269071806	0.13024285954387319	-1.3706202448579194	1.020324564874858	0.620373397515695	0.5667293548146297	2.0903995855838042	4.719472293371341	0.9241282753501121	1.089018974499035	0.7750660074698997	6.3856122025513145	5.225804050223705	1.9738690255716231	
0.43964840616207307	0.26435375563320374	1.4634207087025837	1.005115222021566	0.005649224552541075	0.008951632894692	-0.0006845215703005253	0.057288258393335234	0.10926470763304119	0.16162060924640156	0.4357248202045692	0.6895086536355916	1.089270505613197	0.3139047187084031	0.8276476205576107	0.1611359206906658	1.251722515151713	0.48882038695337965	
1.4903767676200643	1.0129652574527683	1.4953127200417256	1.4678889890217548	0.048113541264456335	0.046214533330989786	-0.0767881853983911	0.12935693067076004	0.24304545962664292	0.39023125993558017	1.6282883384637843	1.434214892433602	1.2094864559669636	0.7422143086024658	1.0281078997845374	1.9591870071797632	2.2800404041122344	1.2669702363099427	
2.035054289910486	0.8660719594535137	1.96529728934899	1.0757749693439642	0.017751808436109327	0.056632725996944765	-0.07653299381050478	0.5722885118177629	0.23387511938319056	0.2878212927314006	7.509792883110352	-4.080339161456528	1.3699985297679702	2.2716091059029404	4.925038146016711	56.78827790509348	46.50136761334596	20.933747800900147	
0.7246663645842369	0.5646769387474805	1.5775583971677583	2.859328417085389	0.043536911303985903	0.04977541719853185	-19.64983871951439	20.542055142803687	505.56048855875304	505.52500865245327	1.9916958234100592	-2.4534228063533696	1.0233485150922672	0.8488592793234865	1.3652760206854675	-0.05268173383040364	1.5499980630864498	0.16873334566609793	
1.0743076617537484	1.9307739813518952	1.1352083700566338	1.315360396193482	0.05486339627327441	0.061499224736306896	848.1338523535026	702.5504223846191	245.72287304460687	249.66550168264573	-1.8452862060123307	3.2863845585330784	2.1831980532185535	4.801266422685209	1.2250187450119165	0.6116102159870799	3.5965501154348676	0.6165861865356355	
0.25548866836087736	0.015265333737356808	0.35334703177437266	2.277506127752032	0.015827281019657777	0.013767294880003321	-0.7750569369962705	-0.0646803599304515	0.2129316221798959	0.1066728670389776	0.3461701678235629	0.9777438977364	0.43354036107957433	0.2150253734107285	0.38777121364923905	-2.8199251331989412	0.5164974051931001	2.190068572554553	
7.845703496415029	10.696515608962862	12.419531512239622	92.13699344078336	0.1554048146499136	0.30796680817844563	355.5572520003389	19.66412327096145	56.360742257337435	99.79915594842507	137.6318328031004	313.9400687156855	18554.363452187983	621.6561921699582	273.9873084408344	19.068981528243754	145.82049791245083	7.341056686720387	
5.838034208054836	0.5399801383532545	2.621823168864189	1.35438480751697	0.12705742540884737	0.016664226799544924	1971.5142428935796	467.6119282423116	355.15306358928626	397.95387175316	4.182393512292015	3.7220072010319383	1.3732177240720733	1.6777451275934403	2.0672878095694616	6.046136848945558	6.998195335956508	3.6721564655892753	
0.4708526814086867	0.7580446328411883	1.2819100417666829	1.258864925349005	0.03665858893919922	0.0316010075715314	-0.09856780884519269	0.09829086997064294	0.21054309172727517	0.28836091830257793	0.025719051102015483	1.5129772147508431	0.9771855612719247	0.9009902816003384	0.6928763323085323	0.618039773673347	1.3793902916415512	3.6600328957277135	
1.465433325216799	3.4685872689686352	15.313998492243325	38.519327655350814	0.08767972221409354	0.11478538886109126	1465.56674016773	-14.000930340256186	132.07286109421244	124.69576042746849	8.554368331240738	-1.325886374243643	1.978827782204458	1.608088637668023	3.273675137366321	6.367587367177589	7.499816706980664	1.8777109799631526	
0.9535053180780435	1.0868725187267863	1.1950257856526387	1.7388455879296254	0.03646108890819485	0.0509863100706036	0.33311483627988997	-0.10123644532990138	0.18004459362122424	0.30889685585726817	0.9249291012081794	0.44069422935747676	1.053108567646271	0.25761319393988547	0.12380074779791052	0.6550261833957751	1.6916799146881398	1.4641927215133002	
1.0779303858164957	0.12199651948076945	217.2891584670125	1.3939326359059707	0.07756393342653241	0.042521384864161446	0.156061626163593	-0.04614038605005542	0.25510915668898765	0.21024997769621148	0.17156299202171352	2.5591402835759793	1.0973651323905356	1.5774022991396648	1.208585709828915	3.9320662466385294	1.6555068020355483	1.3690229493206545	
1.124592517987616	0.29829628586439655	1.2778135969449336	0.8985473852120193	0.042843584460513846	0.008052890120152562	0.04312207720930803	-0.013967188403103788	0.19316124283124417	0.16283609864116858	-1.3712259135768265	3.4460074195722643	1.1170514826960674	2.948516267451772	3.822601265528572	2.4348500362445176	1.4118013024980633	1.2356810410101928	
0.3099236579084139	0.37625918989313445	0.7962615312192557	1.1788044536229874	0.015344560247630356	0.012695204237026221	0.4143784604641967	-0.42211766090289293	0.2753991332111087	0.2330820554300929	0.3350915611026568	0.9684778057870402	1.3794414696217723	1.6125305645648595	0.7269127282619251	1.2090924355539616	1.6477016367982074	1.8092864218379916	
0.4294259146226782	1.5204593193533176	0.7709524753506803	1.1245756968775982	0.009815441249896526	0.017662799062684028	-0.03821068797575725	0.14330970314574315	0.1491409728007371	0.2490779608405464	0.3683595333660042	1.6380913976176523	1.102612759259387	0.10844540860801855	0.10806625055045348	0.28962949627164514	3.5970976728383013	5.88361708083102	
0.6729591731796998	1.4402499500160368	4.024413838343274	1.3363965099142465	0.0027067435907627284	0.03858849241297933	-0.15007067588591536	0.1710333063699191	0.24844835499334447	0.44772911864749065	1.9388430329422774	0.9657663925877678	1.4167580007954	0.8743146499384463	0.17563388965639218	2.1512332235582625	3.992693620473643	1.0524147919703155	
0.7188023073890706	4.72599551708315	1.1008835232857177	1.3674999947406996	0.07063034637328974	0.025610221984140282	-19.612217484662217	24.1375593767156	36.74044717883252	36.49908364783416	-0.03410749771509577	7.782098752455486	5.633929114166038	0.8513813182533335	2.3118038869262185	7.170420093762068	14.447939652470133	5.220755099905656	
0.15406202823823711	0.4777321960876465	8.775548808419334	47.27485903022348	0.21778985588933558	0.44639237730911496	1.3387347974081727	-0.7333513173854095	0.9233706388347832	0.6894836362932338	3.4468238637766277	0.6981519929052986	1.4923282374241102	0.09061115162021119	0.06359721179289818	10.144397953452653	14.585822173405985	2.8726578649697627	
0.3439132674365918	1.9120605202805876	2.6657346951331893	6.7812612925979305	0.08394014188280222	0.10770258623130584	1.3989800251929827	-0.6120416917592164	0.6389007401438335	0.4691166209433694	5.294306855256218	-0.7287780453591697	1.274975414227875	1.99186111152171	2.911017649877371	5.454102079162142	2.4105259861995276	1.471837641486475	
0.7365460061263628	0.6110817305116736	13.14386760112837	3.0968529021665114	0.0838345385314505	0.0630242807634306	-0.1495312136072333	0.48653819932090064	0.5811940997171096	0.5574214873089733	1.3843754482831485	0.9893306496965774	1.050171379361362	0.9095419336368016	1.5574906646516244	1.4088860127744607	1.5479259412808763	2.828703119719393	
0.418452215535549	0.8409891557663864	0.4750359667697614	1.287569056898	0.015132111743848028	0.012087715823368938	0.029843903579313682	-0.17572883896206437	0.19102308894711947	0.21525596051052812	0.3598989293825507	1.3568626314689332	1.2360772571574243	0.1303893841429337	0.5372908181222025	0.2239498452102856	2.2107815088183216	0.6792279259146838	
0.21991272845456697	0.12873415445750644	5.788030092089062	1.328918917112716	0.028212680140309684	0.015960395611989437	-0.16531006293666933	0.3642602129493852	0.2892213369421061	0.303499108675244	1.5012811672990407	0.41297576167240624	1.2547215884792222	0.8078169872122123	0.5684195893076289	2.009160307937542	1.8207848886336426	0.7767204218410242	
1.890764556399803	0.21317265963968313	1.3442208953579786	2.572219214781409	0.046769573222445564	0.0024539299299030696	-0.016012031232392792	0.0071969476869706995	0.19465167385534168	0.16114964801084575	4.494535388733022	-2.80086159036352	1.705418864313592	5.735366250785187	12.536999580203931	-0.1292172448307907	2.5437446864928317	0.9100214404667928	
0.2174313098331211	0.4910486848685615	3.1437252634241992	6.567658290814296	0.05396201325726421	0.08326884894359644	0.09454020737148268	0.33891874470101946	0.18633747844366186	0.09376634309052599	1.0258827691841421	0.5124082436658083	1.3048298868354935	0.7057383911201968	0.6458495553939674	1.4520149901757935	1.967571077557097	1.4006181792889412	
1.484270046558621	0.44991043557668564	1.3198553812760643	1.2461164925248691	0.07433701770067114	0.034919720813886564	-0.056406066392796696	0.40642812483249896	0.05832390317253471	0.12800229909535776	2.8112883802088535	-3.965698801758453	1.6119379644088863	3.8125158902146725	4.549741853312622	0.767609945588492	2.0609844309607968	1.4893606865289888	
1.2970061235388	0.3460932509767234	1.0640990376686454	1.187953465714155	0.01519128266398075	0.00760433403870637	-0.054302495726888236	0.026580479361408012	0.31225244885700015	0.46719598695066034	3.0108399397221897	0.7850687327221763	1.8439242252809749	1.6483187335041458	4.460282176643111	3.502450528679613	2.6551725135246076	1.942333398147188	
0.354332432996392	5.210779059624097	2.29079407372893	79.68299145856628	0.03377316491760532	0.2707584475823029	2.1832584375295605	-0.15195912218068433	0.8034040218256799	0.4581357609456625	1.3625485041498235	4.301703234623822	1.7958409444683496	0.9951009228257106	0.18374931825716959	10.079030086924503	13.689236844279062	2.8666944028189008	
0.13881668044990725	0.43746486777275023	1.2117936615493456	12.386916174492223	0.04166149425906918	0.05710956027302625	-0.139356417607998	0.27189757872520165	0.2781443072292913	0.07314482291598805	2.548976859542169	-0.001551320285812645	1.2530997899546574	1.142276925402268	5.073691215608297	1.3748300979174353	1.7533121575244226	0.46663938042270686	
0.05677796624947904	0.2864719479868614	1.9945944407168	3.680658386278691	0.08630983422628279	0.03500168737594906	-0.1620727379267195	0.3906591089663419	0.17148421284771154	0.11568327744094824	1.109932754413949	0.4823450462034559	1.027484784687268	0.6771898747989643	1.0960964211008022	1.740575452836556	1.273633238028128	0.7911817252472689	
0.3541394991036809	25.4298181404965	1.682215404245065	217.52032405981788	0.10572513742519232	1.8952606848312714	4.970525792869183	-0.7625896787143942	2.4957224036497463	2.643602402797988	18.285925179616466	17.82260616921738	7.3090611546848905	0.7219015921886498	3.1771788216936954	1111.8100584604356	17400.996759757818	477.2457773241517	
175.26379490145305	3.6316857474140978	13411.684280681357	1.0508783419363503	11.826491107995407	0.10997232620273237	-0.5220158549208502	1.3039118612827718	0.5361622479785032	1.0869927397121593	3.389784445801337	3.1431776757903602	2.016752386867123	0.31735625770048337	0.3351174230656325	12.96191998060331	15.888997543587555	5.584600039967588	
0.3633574178781437	0.4668393897243948	0.8971916641513471	1.1553733552161476	0.011260817762296958	0.01608467862114046	0.32754651909393173	-0.03541552331428901	0.12951279079969774	0.05655608946318101	-2.3730307183360932	3.6813117003191556	1.652822394113367	7.624928388555553	9.405150444982011	1.4127040552872177	1.9454370903750142	1.1208480072842748	
0.8151105760844787	1.1821822416698582	1.3259509218723253	0.909388415445441	0.011055689333783739	0.020938020582750353	0.15866967177342234	-0.2049895781230536	0.6553049720200361	0.6010639922695844	0.6782088616475743	3.297499101857229	1.3760133051500298	0.293809033614838	1.030560245978442	2.724582059138106	2.853331104879189	1.1950404704463833	
0.6095412836865242	0.7384975165309203	2.0143341297739097	1.7640753297437326	0.03424261009759967	0.03811451708602216	0.15874178618953183	0.014461851593769748	0.36976706234521406	0.2882381390249268	2.300455721666865	-0.9310064698724632	0.9055657218975156	1.57825425058451	1.4510674227113927	1.2539695296775375	1.3715667846430577	3.8068997111341343	
2.0293148797850544	0.9001720589301722	1.4327907241509283	1.3504901638761648	0.06529625933298215	0.03454362891785391	-0.0732121650179838	0.37185342016149847	0.21060960115920627	0.3020758919856849	1.418350909188268	0.9772821117624172	1.2444433228630563	0.22621331404086636	0.780674794738708	4.663026856295196	2.609094168643644	1.4442532466495916	
0.30312817055163527	0.2702318472403939	3.071323746452268	2.1580066095796484	0.03444943989065861	0.02519888299938506	-0.010831845360004385	0.19862244920474495	0.0226653988529099	0.20050002465793884	0.9858631376320832	0.8286419783904877	1.3356184572154453	0.6772407861788833	0.7284015287780199	1.8183703081609273	1.5861844609625744	0.7428436273174047	
0.5070362560325505	1.231372711711132	10.682442113529731	1.044638396845171	0.015711399424284105	0.04677880957778723	0.5569130812164552	-0.12553984492608047	0.3118904683693459	0.33044302886526766	1.0958504862015155	0.5455530246552689	1.1161036924576084	1.8044862949874672	0.09570475019843264	2.288815600209503	1.5768874218169282	1.444347622766828	
0.3831662945075081	0.2051241163911826	1.2242764822371126	1.128756532796646	0.020358652988597885	0.004174354896124444	0.07204256076987706	-0.04210278727348744	0.1508941247760229	0.14767791886391587	1.6273509822282117	-0.11533903390145939	1.143469115112878	0.800131418268137	1.2395507893405715	0.01720532278143176	1.444786687807213	0.15120021572232747	
1.3233585927650213	1.5006653788392719	1.163218988420628	1.2607071284258977	0.05716540566192027	0.018244479596364712	-0.061703510375909425	0.039880640777458815	0.229854967849116	0.2537931070451227	2.088754585675071	1.5761550659556212	1.8083432892635745	1.7586223046815326	0.14064334592330321	0.9450278417491209	4.282616802887174	0.4762710888868778	
9.394387994614391	4.718233021272163	148.5824544762087	26.99885896635346	0.5440290780971698	0.21125670217686637	0.8633168938253903	0.13121740868055076	2.04892381843233	1.8886899536593738	5.602381768690873	7.495211444580866	1.313441671334087	0.31158616441128006	0.2722989094217749	22.12301928012953	33.58706517092998	5.056130214879324	
0.47656706972820473	3.360265470339147	1.4988628353626738	23.623594712998845	0.05530867895462535	0.31738423103471575	1567.228301931074	33.00806630031411	101.05023462826222	110.37068774652207	3.55487843763311	3.5906186398600046	1.8048652928162778	0.19737648185208195	0.7913352366597654	2.9539268407840633	10.827186469026799	7.2321676340689685	
2.156148652800465	0.5079502738887859	1.385621784185975	1.0503138781473207	0.022769349022447344	0.013843815605645795	0.9523659895566413	-0.26182946447556227	1.0435504493416874	0.9785358258470214	3.0380890724805636	2.898721706211114	1.589816135651132	1.9965482165257622	1.540713075113045	3.8678235613128997	3.8398641711391175	2.310919814701698	
0.7448698566083546	1.6800483038372738	0.9122583040542254	109.2265049560175	0.015549628787006484	0.15135517176302485	493.35763396275667	565.0101397801507	179.2190390134639	198.57093597370496	2.7576928458611025	1.0744710579575685	1.5214543564371044	0.4472446021356246	0.889561731803889	4.124739156535101	3.8046607578839433	1.470697085823975	
0.9161627670805066	0.31888452408565426	1.810599420168072	1.1603074349289442	0.005256121389406446	0.040878192843415324	-0.08620036364593386	0.09380442601490875	0.15770521281738997	0.21058557805825898	1.5639417093847843	-0.6821007495903649	1.2048558435254937	2.5201885583810375	2.0929787223638225	-0.3779709756743386	1.392973135808597	0.2846838733804813	
1.0309469837418228	2.9021196897107067	1.2566943601791223	1.329289026513124	0.03230256063544485	0.030460914912703835	0.11982941974343203	0.0041803226669845156	0.6481704011343905	0.6452023307668756	2.3492880699064687	2.509466306478175	1.391518615902109	1.2575946540233485	0.17827382510615103	6.194180213144499	6.849165786192899	2.2173607443537002	
0.6497146534767269	0.30437722106817583	1.0033461836155446	0.8250064489235354	0.02579673085734273	0.03418214520646456	0.004228079734061501	0.013956966560366985	0.051701492457140015	0.16722684961066606	0.3661246302971	0.6572655818960093	1.2127451678390944	1.2567955657807743	0.19514179352665076	2.104032859048112	1.2801170194752893	2.1703960289702335	
0.11814901092506666	0.40581721860672165	0.9140354751005914	1.0851482325520538	0.0011818348465543927	0.010252272507514796	-0.12660708521155647	0.04762922097771726	0.1172708258225266	0.08265073751569646	1.0133601089005924	0.4174491031260594	1.0668537659409472	0.6939525579360998	0.17865314073323904	1.2210841266588248	1.3566823627076168	2.1710158587408155	
0.6894963144613584	1.9971232362141587	2.8194029740822186	1.8979369328895879	0.05311546245835783	0.05031748022180065	-0.059148404760961414	0.1457688452770332	0.16376093972645342	0.45315941222821204	-0.7311821263661462	4.223575645156078	2.169114528870903	0.7968476842661893	0.881665777401399	5.169295577464896	4.529552497127991	2.3528267440272708	
0.9974088303905917	0.3734653092644688	1.0565832183914239	0.9167592580786913	0.044504919757601326	0.011472148364705153	-0.023985693712667424	0.12765177067043687	0.06792391930074243	0.1589451994896389	1.7110450188681612	0.3319470124812676	1.0547748646960209	0.9153951319770307	1.0750347627267798	1.23814692286572	1.4511861917829718	0.9652330776987147	
0.6494730171251275	0.162703996353456	1.2065652709037447	0.7644670816381677	0.017577696219414775	0.006960251894093138	0.1755413652081679	-0.11999103138534047	0.25600023039147574	0.17127179320150193	1.7598964225783953	-0.2927080896197856	1.2073647912812233	1.3402088434733948	2.078141292051996	-0.2050598567773977	1.4254722238608424	0.6565111965837638	
0.5282827777396556	0.13645889813331644	1.0651990853729132	3.352695015143992	0.06849277088663233	0.14176885560704458	0.14626787795792734	0.03999056720357376	0.4210599466732525	0.4252075729041505	3.572582011537181	-3.1180682553555	1.0221461926860047	9.284025982423213	9.334495236879892	1.7352220477757234	1.141096843661362	0.7165515312886264	
0.3610964798635283	0.7907118392040707	0.6776024327846359	1.2956763442276609	0.04166169122106584	0.014403204898059546	-0.06185031113796064	0.004627060841385172	0.06314931757790004	0.03886689111826988	-0.8955013973909237	0.9927867058603619	1.0369930632579758	1.3775844676292168	0.14832738556627106	0.5516958533385218	1.5072071607239568	1.2373575380713637	
0.9527233445624691	0.5543432250349306	0.8434260848681224	1.2615687738819241	0.013431911032395886	0.00734363370133684	0.10926038508691514	-0.17137663171554351	0.4720942326832512	0.4579585285545025	0.8487613913480276	0.5029578560219782	1.1106932122699962	0.11357293350185098	0.10530600039081285	2.122225143217591	2.279033560880222	1.0688538146788256	
0.3398730812853858	1.1994302787683389	1.109653294901621	1.051291252907756	0.014142023318120414	0.05732527530631698	-8.566038234746587	330.50124876371984	21.21049686050674	41.35993887722365	0.21881744286802496	0.9121663842984185	0.9580064237650185	0.12218241637916004	0.1578047150783952	1.8021102873838657	1.5493063504704896	1.3033145733804312	
2.629233574258365	0.5932544160392454	1.029598458188575	5.764698383261568	0.20370012219239456	0.008827746557634436	-0.018847895441526815	0.13522928506086906	0.3175300254588131	0.41587958936263236	1.4928753065759133	-0.013300913202322202	1.275422079646016	0.19050241157209666	0.6012357218197878	1.1666923227358599	2.331230902210946	2.1884710034979107	
95.67683329791247	2.3982307593284244	8.12000970889101	1.7406328205903425	0.5438611227841984	0.063329049504635	1317.3707336171938	393.9842094541093	327.9313076558886	317.0639494623518	301.93756045216645	-19.70395265145022	89.63788617747731	116.47974124799028	45.41092324327317	708.0434140358491	2061.961751683219	314.92382407165354	
0.32625920447863094	0.45801880572242093	0.9586594193951355	1.2340649587779322	0.00834545348554083	0.005107076280910411	-0.013765940968253357	-0.07322659657173833	0.20711954814557906	0.17538966448958448	0.5067082890235661	0.5354879066460596	1.8901129146180173	0.1429467572180268	0.6930502036320096	1.4990570449240443	2.328574038496216	1.2423609933489304	
0.021861828714043515	0.13561203737207508	1.6265014462214566	3.2880287064164886	0.030215417260113106	0.03234465575853612	-0.08235183061650737	0.2570564256538198	0.2153367677891349	0.084803657730875	0.31264862267138527	0.14438590745507932	1.0064201346932695	0.17599088574843785	0.705016182412529	-0.15341677266651105	1.0411451872613644	0.21195652899991493	
0.24507782148074017	0.2935642649584	0.9591141063463071	1.11778854269279	0.005613823912173834	0.023829766368991766	0.044082033207961106	0.009082615518899117	0.14734553175564802	0.1917916466673011	0.3246842367660876	0.3692518618453748	1.1367306772682295	0.11951782535180357	1.3378550720503348	0.556437420184582	1.326642977592571	2.002868064606405	
0.5781338305834826	0.337340659678903	0.5097439977982451	0.9981933597307743	0.015858207313788165	0.03284994145945565	-0.04086393541972662	0.4006890995891661	0.1447985770490547	0.17781444384665265	0.538795937833675	0.19841881467781633	1.1064069352561021	0.11654127023891221	0.6841429869271533	0.7281909867910935	1.3934635664138475	1.1482341488557242	
0.08234545939289398	0.38713379695737454	1.7547319877860301	2.513950727967021	0.034948881892342756	0.09153262869062442	0.15591281545726055	0.011479142489664697	0.16005364970575345	0.16920554157440165	1.3613187927170525	-0.14767788856325437	0.9134423043272492	1.5523183025263234	3.0191069269363373	0.6895829393851354	0.9821869511973742	0.5256616574329529	
0.4067550660211301	0.3944969241468895	1.1141872118726928	0.9585625253193627	0.0337364199220622	0.033567207223079425	0.016068938676966585	0.07680295890370224	0.16121905037756915	0.191473111255822	0.5685568395077133	0.136092733185445	1.39820999262195	1.1077802609597684	0.6718843841496266	-0.4942293014223183	1.4119374358304786	0.8093582855718786	
1.4873879556271872	0.794256433676665	208.00280532576195	22.334266908194564	0.07848577630919598	0.3739815418528327	483.27117574063345	905.085504505187	236.33605557709163	151.96807576691597	4.052245784902997	0.42686760975107624	1.5820774805252649	0.21916625079577373	0.6425504801589194	10.179916694019964	10.683522625392493	2.9958581965358437	
31.678181571386915	0.5978477426168769	44.899650241100936	30.39539238369791	0.7592197938808397	0.04485531341958361	1662.4749005364342	20.351588668772006	246.95472548103257	276.6906179554495	1217.5223028466742	76.72016115214726	143842.9602237495	974.1397192172094	1331.0909040753659	7.082044470038663	179.326526195384	4.211961997800639	
0.5502021194769858	1.5160278145515242	1.9610144621690353	0.5909956931939462	0.005580969872881336	0.015702410736851028	-0.4247473282369679	0.707446687163004	0.451568547685839	0.5049195429113704	1.1471037636201493	1.587988370893145	1.5594454397526532	0.641636860033752	0.17364526988953508	3.9451490035190515	3.928051993304011	1.6563034852651548	
0.33477380843846205	2.0575445658823317	1.093931797232878	3.086083388017125	0.014449726412018195	0.019295684393435365	1.9483379408616734	-0.673460472721847	0.8007116379997812	0.7082347817254434	2.4099169007564916	0.4205312947419562	1.6318915910152167	0.18829567812916778	1.5033077051993957	3.977687725806936	4.413427984956549	1.2575563624559252	
0.4926192468982579	0.4873931423853172	1.0806377856763512	1.1341931693475331	0.010416541110596438	0.030239740069170244	0.16931944726020742	-0.020425640512004496	0.16892550831324016	0.05222738260098596	1.1947886310332236	1.2822870991272501	0.957123926190022	2.907879061165829	1.036401406716683	-0.10084269760253854	1.2248219030313754	0.6559688385292768	
0.49137696068581366	0.7912567686091918	4.037974999686165	2.6981438343504056	0.0650323242095782	0.0372231516211461	-0.40250637736703526	0.6361015719268189	0.486008847327206	0.6463936032042891	0.4101287725057199	2.622914547974632	1.5137417477866837	1.4316670439368877	1.4099729921117365	2.3021358604517834	2.2900623740476096	1.2095698332383993	
0.534128221270185	0.2672960210337464	1.5892044245652976	1.8535635236689019	0.07311038875211155	0.024825118736557177	0.07921315264538406	-0.029660020331840148	0.23383968134276667	0.1970068142153493	0.6221135294859835	0.6877472512681778	0.9646127281359186	0.5776756741641418	0.896765659605452	2.2081726032241127	1.1473291188789674	1.189802269490881	
0.3352657448984535	0.5344547454315184	0.9187820892170407	2.3669272469417386	0.011082725183565569	0.003987890132822965	1065.912438765137	0.25943658552286786	145.98757940757352	104.21657008749216	1.287158327994833	0.9613850791138363	1.3151617885227798	1.196506453995782	1.448708863517822	2.256033666441739	1.720250059390187	1.6493039491025134	
37.986031090418194	8.157840270193665	19529.51368743284	40.33216107238882	1.6154639626301897	0.05031167167421595	5.388470344896273	-0.9464630758690774	8.01935460647945	6.096713084859012	500.7972942247422	883.1848499327775	34839.349243954915	2225.596589624544	2801.1740163380778	24.392717177039863	634.0954608435454	16.82261174018087	
0.29952108438210173	0.2533884862562886	1.6177728671706695	1.8478039936657378	0.05019867946744866	0.029854579760857185	0.3208079192957396	-0.0676370436378199	0.12604614899241418	0.07352193014300268	1.766556145554313	0.12108183412893223	1.000715896217576	2.954773009130968	6.205016344898578	3.1161574560456726	1.1133671164057017	1.2489956732466414	
0.00545384472566812	0.19045485349098615	2.6544341826162854	1.2108819785852343	0.019399291883230457	0.04339917504132141	-0.03188076500399822	-0.03798642001855261	0.07261768680904358	0.08203189042807194	0.7141529342861273	0.3573099667619355	1.2673874303219785	0.8982847546735869	1.332654088652002	-0.1061034766102174	1.3581922249277862	0.0893417924010392	
1.0684289558374047	0.6965971394372975	1.1579064291598464	2.088486312815297	0.01683670163554597	0.0021793936734770714	-0.08554885461566074	0.9095109995381185	0.35832961996421436	0.4673089373114182	1.1934182723125408	0.7116063563983321	1.828518267364463	0.19676076013929875	0.16008521680968815	4.3327987220587305	4.182868038084108	1.534862253505414	
0.29230370155777813	0.9959105657333877	1.0281503843968864	1.4019567368622816	0.022696647565362167	0.03753522327634508	-0.5353916693145968	0.1402949756007279	0.24254765056843036	0.11853470672266533	-4.914007857412627	3.2998093365428605	1.1583624007291229	5.714808070120177	3.926171904073746	-0.7513796820776467	1.5098458636240701	1.0182751223845488	
0.6169389974941433	1.0345516217662625	1.1031724149569213	1.7673338420737812	0.017931718937859914	0.056876447363512245	-0.01716876286000885	0.13910266352024273	0.060706090508648836	0.2402521055668945	1.6830610409120508	0.75981037445183	1.1908689685013276	0.6081370458223828	0.4215271748394095	1.655719321071285	2.212427453432762	1.1305751986372758	
0.40819742537861964	0.9165892154646444	2.0922175766411915	2.1784581287986944	0.03514247522600387	0.022888954641194295	0.008479733407765363	0.15334996083482139	0.07517976171401622	0.1759096624963908	0.9377270697612953	1.532402692908513	0.9812630709564384	1.8051437223732936	1.0467947975358338	0.7070439885297354	1.393975814912551	0.485666602355432	
2.303799838675262	0.2827231241980841	1.499395780773052	0.6063311266415391	0.024382489611411567	0.007408776794469264	-0.4326768109275312	0.46781991604227163	0.4291156797245551	0.4248660473757282	5.477367120626199	-1.713132925902256	1.264323640815491	1.3535643135082103	2.4580992133573023	4.7231443618215545	3.212386390609249	1.4762286311418702	
0.2947616167954754	0.14797890671142716	0.8882186536424747	0.8920362446120553	0.01109244835691918	0.007542123599652308	-0.12284382675749281	0.2978132492302176	0.205676121832847	0.13349361647426977	0.8124779226986663	0.38705533135917747	1.1795490888931783	0.8726982461941356	1.4074096928154447	1.7559802271826506	1.3031667712832307	0.9858264307228577	
0.8603230729587444	0.8161378771505668	1.2245653505692349	1.0963816109344016	0.07242359833712571	0.0661878634968178	-0.021685393115096093	0.2613704947419102	0.04990254876423076	0.1353479823580393	1.8071131529739681	0.1799309779393544	0.977754934109476	1.6720163562062564	0.23482059256240198	2.3174713903482274	1.2601411061479504	1.4132063829233197	
0.4277530222512296	1.174823546556411	1.0844100951276923	1.8255164613106099	0.012965055182718505	0.0381641397420677	0.20224565808394365	-0.10408229279268706	0.09266995534375595	0.19302143493945464	0.4739432719239506	1.1691148889932446	1.0982718472571533	0.46172563410418227	0.8226250065183162	1.906902549811292	1.4713614527861945	1.261568037047807	
0.34814712322380337	0.30385471768794364	0.9224109857823259	1.0653512396840956	0.00768388445983745	0.05190677820328701	0.025030709751937122	-0.04716469440777568	0.08146662186367234	0.09973787868436158	0.2546014860582051	0.2306254679564779	1.1446494280284287	0.13132085094992574	0.6016780106555626	-0.13908366171623976	1.275954225872025	1.886847712720156	
0.5708258318716549	0.423375960426624	1.196918096410537	6.027901423244531	0.028438287836424356	0.0019544787010211686	-0.009850160907417638	0.014997616967745507	0.1250333992978971	0.23404062327183575	2.870105378875839	-1.9295331951671397	1.0809496775561453	4.948295601468326	5.4459303081682275	1.1934260762896622	1.4179521005700364	1.0870243218824995	
0.4743476579306563	0.39992201180519626	1.197332215954173	1.2818462535973136	0.01596436470424915	0.006140330857283379	0.009714312131546473	0.19114950121950608	0.22114480090387403	0.3238344038859772	0.8420291543536123	1.6801219477950686	1.0652680470317153	1.8999045571937996	1.2635452430819363	1.8325691155627952	1.298237285269108	1.6734225284080142	
0.15027282783409038	0.0810179645836297	1.4405874833865873	3.5999612682481263	0.03403523659370285	0.012142616920643036	-0.007922466472768962	0.2504449341972126	0.23602101996717775	0.23845090161639423	0.2021057153953519	0.16312259404416318	0.8673308987122613	0.10097295016499863	0.2722055335897727	0.07208232856513462	0.9215467291115031	1.4902395706584133	
0.24231461335395732	0.9344943542189945	17.419805358439007	4.917846607549432	0.026607842500595672	0.1101035458585901	-0.27850469806044054	1.1684536393698397	0.3864306722039618	0.3841783488011938	8.257919161388195	-5.090871839772197	1.603607973616586	7.600027335006799	5.5488355532645	2.7785783365829597	1.9949283622869225	0.9178989468007762	
0.4241508045971588	0.741991619981129	1.1026299380031612	1.1500134245877498	0.017011362459139152	0.015054424241390703	-0.016693426530671622	-0.03794314850355273	0.29503336937684027	0.22386635799349383	0.6829955284486926	0.9102052785556682	1.4479468569302247	0.7618932062734656	0.47618263673627104	2.0377848269784895	2.010399665643868	1.004485411931032	
1.268116847896946	5.373885062719178	1.4288781144135745	3.9683232563464084	0.011218168155505413	0.09784926447732598	0.06253753401291408	0.09414102099186766	1.3995288619328272	0.9134547287704295	1.417384228173121	8.204582201318487	3.790821040576944	0.5470855172882587	1.6506280986643598	3.684126935000461	14.831206964663169	8.125488132645538	
0.8249824734005864	0.9948096717519522	0.8635854909094479	1.2075532374712035	0.010580933156438294	0.012238780061517738	-0.05187992264546663	-0.0172783292215732	0.5491992392034248	0.3548140763067814	0.9653154381956366	1.031342288196674	1.2725042213307718	0.2415086526896499	0.1698690452469327	2.772355213807445	3.8644084125483156	1.1971801088696032	
0.4408982233625642	0.41943070705146523	1.0087800097656014	1.0781072047276996	0.038481423246444296	0.006950812055140174	-0.023850187941499526	-0.005432568426551494	0.10259019663487665	0.0614707476274742	0.5649335378846295	0.3617936695834628	1.3214106686044504	0.3563087731654202	0.1100328220294669	1.0506137410487322	1.4985632760087053	0.9343054979185438	
2.1745726351938783	1.1333741399091057	1.2881235394758548	0.47097143330294183	0.020782155339943275	0.021238535460871504	-0.005302372076540385	-0.031703355234876884	0.04247946114250897	0.07614841125718302	2.176731428521341	2.6323262394069937	1.2910513326632838	0.15958019184503078	2.11192422041848	4.166825522500295	4.966543678494867	4.937926813701154	
0.526349792601166	1.304311476875793	3.6026722775100364	8.559155575448912	0.04377901909396245	0.08520969589431968	-1.018950015712455	1.40417405270314	0.4280962184725854	0.3704638360560736	4.348547446867743	0.43277101418837066	1.4950556297445394	2.258604331815683	3.2138291063676974	2.496608682117636	2.745905049141105	0.5704559868726794	
0.3923307179186332	0.28683952151562536	1.5057508109537128	1.9557037207253167	0.027496038029946313	0.031663078798436876	-0.0168421730879329	0.13300330954855544	0.2163200457338385	0.287149983505126	0.17573264180168724	0.6969031783205922	0.7955977828540681	0.682660166841804	0.9048265449672506	1.2512789349281426	0.8665798037077296	1.9830736797172064	
2.0728608004137175	5.383569565872894	1.3609792230239264	4.886940803493425	0.013129585078673803	0.08125805141654253	-0.01345131394921311	0.3439716040625838	0.05836868359175267	0.9875215165813728	3.1676303836075106	4.261691011901387	3.247571861418472	1.3257406180976177	0.261247644145558	7.924681061490537	19.340487458720013	3.4283943348569212	
0.3097189791576927	0.5656451060330048	1.0170854040481647	0.7576072058002895	0.010791877390139992	0.034223941394456815	0.01987691121570635	-0.012702349266969538	0.32834969851293666	0.34123212458579333	0.8381128485024819	0.45620689458295705	1.2118876935592688	0.7712668254859135	0.2567965210509208	1.8946991835673306	1.4221591593629797	1.473058442148674	
0.2326790783928987	0.5590027296489924	1.1037046319436459	1.2388189900011186	0.00490370146613864	0.007176086050673595	-0.012734062870754011	0.0023582445317913247	0.044048633945390527	0.04455305069104649	0.47351232571528484	1.9630939412694566	1.0670711133314723	1.169534130692651	0.7567911315953304	-0.06382929264281059	1.655535721154803	0.4497430093779955	
2.0961715558867664	4.4988793519694505	1.2790435273892564	5.445874905021796	0.023437925562711057	0.020524345920886002	-0.33751621127232456	1.8428131951275224	0.6576791013853248	1.0497657364727913	3.2925342782888123	4.680309915783711	1.9970309263876875	1.075323014906024	0.2458692605881109	4.789488809087031	36.11908953387527	5.40125166074245	
0.5088606322625765	0.7112025048351719	2.82732138683466	1.3175120353795045	0.0024413829250124488	0.0628245673694873	-0.09593814392671039	0.06386308474161245	0.12721605228626662	0.21254853752784245	0.9099510575776553	0.26925173194460505	1.3088681641406916	0.14001191998309537	0.24467828014946824	0.5397436124180011	1.9659072346579374	0.5740748961622975	
0.26730453736430304	0.7295807375803783	1.4871790930493543	1.5395440569163514	0.01250960891427809	0.04268392874144528	0.03896833993776348	-0.35627946267045524	0.1127346705871892	0.20288513324038274	1.120612605323374	0.6259757506659027	1.007952669088924	1.244272177893408	0.8477759812236418	1.725573826577043	1.143646454845331	0.8480942205109079	
0.5057554320809051	0.1560311615322737	1.2640989289930191	0.8351031386829587	0.048332383317437694	0.005764057696061126	0.023272765885964292	-0.09847100657828962	0.23002800337344734	0.18827875251731246	0.3296579973775045	0.2716640170212907	0.886160247587602	0.1354528493006558	0.6429380561405116	0.03450905601973729	0.9815794272709809	3.2502537415274233	
0.6229618606393492	0.43601108671514344	1.5696939312205351	0.6553909671282215	0.005591882033646851	0.01165785037909793	0.11463048662404046	-0.06094360215762505	0.4231844754945103	0.521774223387476	1.0382545436552904	0.6661064885435924	1.376550603214761	0.8519897819968238	0.26934678828933273	-0.08100024748003332	1.8595347302687901	0.10434223194462798	
0.32078526126860635	0.6136480070114646	0.8356117441014735	1.3859628632393486	0.008649644689097678	0.012966328568065415	-0.13959007356864062	0.4081613301082626	0.10515337662973832	0.1539757278033847	0.5472282748501321	1.2307487398151482	1.1041325602907024	0.7231179327375856	1.0543271928228213	1.149853476223689	1.4632469656559834	0.7201810268543722	
2.5771564101713667	0.622996640842737	1.147928658938559	0.4466573092502202	0.057752163856200356	0.006177162295990374	-0.015357247599526223	-0.04534095759027906	0.3520716112789474	0.16450867982354817	4.690549736221951	0.5313618665910231	1.982277029285723	1.4108963217167638	1.6858753077687072	4.680736644325187	4.317567834470755	2.5549443559706186	
0.25131583289993364	0.8198820697862863	1.055943086991065	1.698325892073964	0.03302192783089288	0.05829412207873228	-0.5862698781812055	0.8397697684741067	0.16578344587027613	0.15087049270477287	1.4804697052163716	0.11370268201658298	1.4192141205999997	0.9909181780429652	0.3080873129591204	2.1336063330777892	1.7373454322436364	1.3350162807086101	
1.0506272359882676	0.6926485521615311	0.9872800828652845	1.44336494967647	0.009716878533400655	0.023526229011855873	-0.012422553249369276	0.014005786559798054	0.1630791663062769	0.254404186191097	1.1248154153387233	0.26856612848385886	1.0063419688319135	0.13049752016768065	0.07559427945514222	-0.030072083916963983	2.454616290677962	0.1610976476180027	
0.8452837182694046	0.8343259368692907	1.2337405881797627	0.29905921365907195	0.030709653361951497	0.004352592604281282	-0.47230570205217376	0.09780825466786827	1.0250335108504944	0.9969704844757116	1.0255889420652031	0.941580919472517	1.7951786314314795	0.2574596330079971	0.4041368262978026	1.3897574771595844	3.8029183294430733	2.6730936953171414	
0.4260145934675707	0.6882598098237993	1.3963537225999167	0.951726701100014	0.005759277481508141	0.03169124438800528	-0.21265309819145595	0.3551956284905079	0.17731535787956712	0.21841422989719778	1.6408777347587162	-1.001851833489109	1.1955600597317688	2.0996455168806647	3.1790582832868357	0.036129796867790304	1.5031595220318332	0.3076692885750587	
0.3998698024537585	0.3715548067742998	0.8893579487281955	1.0938786447341924	0.005508491550386647	0.014370072669119228	-0.2830255335948821	0.6166475887757248	0.1879627991281159	0.21468803096362543	1.5903208446521424	0.24060832804992568	1.0907010188778974	0.8722651609047068	0.983396976273327	1.2752345315201563	1.3903966436721762	1.2156815748955492	
0.20831475839523714	0.35480975069907017	0.7782722361124742	0.5935893192453505	0.007203058984494646	0.011154776159870214	-0.28767373851507355	0.06498335981316107	0.29331070990116476	0.2417596056827958	0.365994249606202	1.1852343541648769	0.9383798663338321	2.8329839485968913	0.7713646828070029	1.4094353852033605	1.042090275100305	2.0968622031930626	
1.1272820530923708	0.4479355471663283	1.0381823318167804	1.059920672089556	0.045667870086431875	0.01132172035835923	0.17089051109926334	-0.06504942520083212	0.19134521500671953	0.07774805241640277	1.1588767568714053	0.03306705102540319	1.5608080680447391	0.35465719362702197	0.16969774086475933	1.959043109759095	2.202647635472263	1.3992794414864829	
0.2978972416802366	2.0598093287394392	1.2056210735901973	23.56923186396724	0.043150050710877026	0.10101114390267159	-0.05279810832149281	0.15189450628292328	0.10035900435365698	0.09176271668846976	6.3416069369182235	-3.405419749512953	1.5745149183476224	3.444617012836139	7.827254989019549	1.8764984048686382	4.320898889689087	0.7812428360808306	
0.45304725995988987	0.22771702870288538	2.5555444211304557	1.8750793918816753	0.09086827804265869	0.02091187591524089	0.13846344636191982	-0.018373708796222053	0.13465034982691532	0.06297864209028625	0.5280649631814669	0.6779853530063906	1.2294772122071271	1.3531557967942263	1.1502500203207813	0.4250344737804759	1.3066319685141101	0.5743848103797087	
0.8235264484577288	0.5585091413775976	1.540838443674064	1.4704771931814535	0.0611186085593297	0.007014496153431109	-0.4637368668250082	0.442159170003031	0.6202673984469607	0.6597438465904619	19.46376668818428	-19.475142353111124	1.7208764399383583	58.43008128267157	58.04704420879069	-1.217001125504652	2.3365888791845535	0.9433710934732101	
0.2033748775166635	-0.03353925931367841	1.3740570575614313	2.3958227700549735	0.03351743308173362	0.02391976408942762	-0.061459746594494095	0.1836461759813256	0.08367183504652978	0.15002842515961332	1.2878065501973721	-1.0118100537010104	1.8298418090798843	1.9317279375717877	4.721554246676902	0.8591638723928678	2.06015452778553	0.41602715327898226	
0.19585490774291628	0.7319214739551047	0.6382592081908353	1.2072189794427908	0.0071240386761311945	0.006849926947393519	0.027809724742362603	-0.20962692121475338	0.39922749116979134	0.46223817130988293	-0.9501022650108284	1.156804064508414	1.2648353088295523	0.8820176254604938	0.17020971508316463	0.8217333169246619	2.2039592389652594	2.5069572119353096	
0.9575793993600169	0.8881213283711196	1.1877718897799203	11.591113848642042	0.04444155787362368	0.018982015327826514	-0.11352599466017747	0.3594819082472669	0.1868416135331999	0.18083743452362752	2.106157291431408	-0.8297027717712365	1.285513911283347	1.1519649023413925	4.244694326507091	1.2663901065245116	1.740348724965425	1.164506962188228	
3.091884330427282	2.3601594690194236	1.6036934248601966	12.086243435619314	0.040522146270894906	0.008288492016790392	-0.6041621101119496	1.1332459922913471	0.7859981239067071	1.0300422860412801	3.553966884101439	2.215263924849471	1.7206114408541868	0.46796461468356654	0.22459333830682388	7.628460696128119	7.629819837314701	3.8112506716432515	
0.12744779645650545	0.20326940815477654	2.0693096556304287	6.194400481004906	0.017143418295388225	0.12400196574296517	0.4296406928413223	-0.4618305740224539	0.20021571889886816	0.17529007615032208	0.555003828724769	0.20111008849218345	0.9852158132004787	0.08292787592028922	0.07287168920424013	1.4681434301571796	1.5834095962104526	1.6417488490142482	
2.831097912662173	0.6266350688823547	1.293818705491842	1.3125019283075647	0.029248030620212587	0.011269539021630108	1.0419457513171173	-0.6474274094006948	0.49437340786875733	0.3958901021365657	4.328519882893591	0.2883414421906068	1.6946553754662141	0.8314219128118291	0.20962859662399208	4.5686619285112515	4.9188021118362	1.6226318361523981	
0.5845298203346637	0.4052680735615773	13.064338995208406	1.2364225936257573	0.003910969485260126	0.015824424892669133	0.15804444015568064	-0.020552200325382134	0.09027995379105475	0.13551124412212348	1.761452377634664	0.7562500340192971	0.9129878591070804	0.8845130880864365	1.7598837949230521	3.3959984667308203	1.223583736690214	1.563022081980835	
0.373646744786124	0.37289253209936224	1.088490510912466	0.6945098226257139	0.019855822342611597	0.007432948594554234	0.2787726743962401	-0.04284174464777424	0.20220971734483933	0.1906103168540255	0.3938009467382794	0.6852122359572804	1.1002428194524358	0.8966805959333101	1.1524918734128446	0.05505774284165603	1.2396333212324517	0.2217713840793578	
0.19235090247526623	1.2092527027409847	1.0271428668146088	1.1255366797232673	0.00877806417682028	0.08158789164700517	0.022775362402809484	-0.00020799623388924115	0.2424586573875252	0.12592258256623573	-0.48141648681215377	1.3950441853324869	0.9911555815769681	1.747171736585726	0.6828032338952257	-0.11055047391987462	1.255038888041948	0.7789426435500301	
3.601454691494624	1.2835037574676749	1.1893667394134932	1.8181090606908934	0.033160636469136785	0.031204571390091505	0.13468239497390683	0.1940780579863323	0.5856413913739618	0.6803911524873377	3.1644593201899767	1.9725789493330106	1.3858872865007674	0.7149087112136256	0.6706132805305897	5.738532950409814	6.722255059183893	2.653873550405108	
1.1041668859517921	0.44972931164527197	2.2970806608873047	1.0463181767409901	0.058209029062875464	0.00843491681356346	-0.06574446255918556	0.22504291605415402	0.06377451587400546	0.09195963099997709	0.5914673285423734	1.5111608480393974	1.3633129289807389	0.6659470957547446	0.2849223508742329	2.9887392280897638	2.3954022765882437	1.1497958182349353	
0.6104492135019621	0.7761734785743813	1.2035250427726167	1.1403747856840845	0.01772113145653396	0.025279263826203602	-0.09037798613193586	0.3091927279151456	0.36045457016721	0.4089908809575025	1.186457921050834	1.5968896083521156	1.3790981048870112	2.788171499554703	0.7671985121034529	1.2843891073310039	2.1165659778787522	3.4705347173515433	
0.6456903783729024	0.921078946262215	1.1652844100408517	7.110803024021933	0.03491548680200125	0.006077223290303075	-0.04082207549493823	0.18350866469923285	0.23415373068659998	0.2605335775121326	0.7386347252612004	0.6465064516286395	1.1976863800027306	0.3540595099470894	0.10189320775610639	2.657853476422624	1.9424798131365273	1.543082670257746	
0.4969325900002357	0.714894282948617	1.0300782457652025	0.8468312757407644	0.06556916876582314	0.026935483009362233	0.2761341447983905	-0.04837757686321506	0.13896272501451706	0.05031245420665227	-1.8412638045250644	4.49634105007716	1.3496816831149119	3.8484900487348974	9.034428280456357	1.1404347298575817	1.6051104293790033	1.807090873867055	
0.2406690030310586	0.2552303430727037	0.7515311374413463	1.0682361118887176	0.018104100025114894	0.00858738204861545	-0.00943303142276325	-0.03701755710699174	0.1648017198023027	0.15548960075227872	-0.22508198277571861	1.0344291509478452	0.9922454631931212	1.2175305454464493	1.054693318906042	0.947701356864423	1.1002416767424674	1.4014441662733272	
0.3090532902479516	0.3822842817214737	1.1623763529038467	0.9279087333096331	0.00767510473841364	0.015497000549533476	-0.0010830084446478863	-0.044641458646423444	0.043296473787306715	0.06710889093231984	0.8540008717172739	0.4734085823122977	0.9957061345102567	0.8465161517699882	1.121623746367307	0.9693456248307457	1.1930296679299899	1.1518840190880117	
1.1484979574260124	0.5602831766950243	1.1762037844434063	0.9979679919617446	0.010449211526840753	0.0069202246256698735	-0.0040247153557523745	-0.010690021862547514	0.1607008841272599	0.23679240057416395	3.161980244816502	1.1348042622051415	1.4950718439439907	1.7294063522263226	5.352218225673568	470.48725150577894	6240.813704475366	234.36325271268532	
0.6302143798708296	0.22329674487920642	1.0803937412687854	1.1898681093564758	0.049166104584796734	0.00641417628830248	-0.03460105334666898	0.08766001845748868	0.45101266455144157	0.46495484820385224	0.8011413533497684	0.5394794622790512	1.3234128220688357	0.8704656044469206	1.4290786079111106	1.0648876949586625	1.4226264873659393	2.394943257998345	
0.6542132952079425	6.3592570334472125	2.03440969488844	39.268170879404416	0.05343137066196996	1.2168829890728337	0.14016408157329574	0.41874369525778316	1.0620410134416554	1.490952417936605	8.211719239053195	5.219836226585304	1.9775749582315016	0.21068586957564844	1.8944142994535476	16.46792014552528	18.82152890133705	7.970416233790031	
0.46648452223328296	0.2565772787535048	1.2452013311526153	1.1405883707800044	0.017896902087094897	0.010304027138983677	0.08957620583287472	-0.06796756700537587	0.13667464146734612	0.083908096550845	1.2433396716820524	0.12559182704660743	1.2214758146391873	0.7936381836042392	0.17119502812003506	1.4795410905223887	1.3953873958881013	1.3755376820285286	
0.46991775949675574	0.37017483117673355	1.1738833792028707	1.125081423926398	0.015882249443691765	0.007752230029037033	0.019222412986689672	-0.14814068381853573	0.34439850844573294	0.31457556697390543	0.506538606574853	0.47013090574682687	1.0357883199965385	0.12285270175312969	0.17661850336740628	-0.11131679927728089	1.4111597966582377	0.7318267085298438	
0.6460072854587271	0.2671018324109824	148.79933906449332	5.055373404665987	0.05633124247312773	0.04334902970681234	-0.28673945198914064	0.5867003224627382	0.31119951149520275	0.34966746381657987	2.230672966041245	1.2762375357007858	1.374672672602258	1.7271097234815327	1.3580962676024828	2.479641896083424	1.921727866930004	0.7037565978720621	
1.609237129881355	0.8131377345178232	2.9453387528102564	0.47324222859892034	0.04760447540807393	0.00940090626416142	-0.14614415292904262	0.10849847621750196	0.2272532231664344	0.30584469047385693	-19.697151305395035	1034.8271211163521	28110.835051257418	1385.4169359943455	1713.4372072509693	2.9310424725540205	3.949660553705671	1.713012050361674	
0.6936541871325838	0.4156867588821465	1.3633403938829325	1.0166292663552643	0.054027985623129944	0.05560191420378642	-0.11158431902795839	0.08649263718925389	0.1647574901009034	0.23718359084570995	0.22297679538473406	0.4533588613156684	1.3266502796571062	0.0672154699713477	0.5231563193249235	-0.07516084169810165	1.500296035613849	0.6735175320932966	
1.9827697258594794	0.13673697500271553	212.08421460025204	1.8625041890144935	0.14150450942825663	0.023670230489658897	1274.5371669298331	432.1719531154652	244.9397043880053	173.47317434291824	5.733837798287332	12.747984384852732	11.775382474032178	8.199533222702778	2.7040151620305544	5.8735604541911055	44.51067570090213	9.096935162824192	
0.4836820889454398	0.7389502063016717	1.0011782095826378	1.0880114043212654	0.04327894443892763	0.04039202308418532	0.01612601929183555	-0.06980453562115499	0.1374907136587439	0.0932855510182369	0.6851029427246843	0.48020506177563727	1.3249299810663788	0.7837208330045191	0.2910614911667699	0.400017071253082	1.7318567998835421	3.6027734502745807	
0.2254224026874161	0.19290299228465682	1.3400988377838208	0.8873933696896104	0.01037999756270329	0.006937253879360752	-0.005668321620527027	-0.04795581646847778	0.2051486455010808	0.1498135381345291	0.5117133000184999	0.3160441929206006	1.3017680692272213	0.6135065909187957	0.856277958828976	0.597649753260458	1.3411068598434421	1.7510942039785407	
1.6334583753609138	0.07167453925338765	0.56479185804534	1.473807424297822	0.024872219309090955	0.08552418880106709	-0.10604009862375713	0.19517023571651934	0.2284967524624877	0.27588781954287994	0.8773567431076587	3.6269001181071836	1.3916796429312963	0.3612309289016797	3.0272890040066494	2.247591331530775	2.6243856952963407	3.8910676989553563	
0.250714609301591	0.4786822854457977	1.1560260586076232	1.1108710340046373	0.03070350663255902	0.047734390955916965	-0.10422724457332322	0.29607984428893724	0.182230836565249	0.14819222710505525	0.6632384761981387	0.2552841390029267	1.0220284818771737	0.6834233619394906	0.8008812163513462	1.454824764071581	1.0938549570372893	1.3666240434430927	
0.44162199869337904	1.5303087306083722	0.8608260483691778	1.6386767018814603	0.011576504950161865	0.033680499214613954	0.016730145798539646	0.1716308236870575	0.052785949763212686	0.1851876019228997	0.5731065871764378	1.4399151580816916	1.0201878911852094	0.4531210912074055	0.3595958659832097	1.9860070183809788	1.6174246625854876	0.9679584949692914	
4.380452860338808	0.46878377850509895	1.8632221711846793	1.086326285856029	0.045062680527862	0.005517126168967351	0.14456662247013122	0.002335308686910282	0.7231516125499124	0.11602379773085936	3.187073860001871	1.6274612298314468	1.3434070941288139	0.12381425007168544	0.9213069853230539	3.0653837241956596	10.594420617029549	2.335411684211032	
0.5489295058541243	0.9699477006713325	0.8950906863400288	1.9087866509675884	0.009762539258255038	0.024730065907389017	0.6030912329787036	-0.1356583732887704	0.3456471331066986	0.42825355470773546	1.1470130316386944	1.6565437391900841	1.7825851037799096	0.8024223907891944	1.4957237855939534	211.15499026421182	1173.8078427040066	91.81528267529846	
9.676576095914038	11.62697365731848	14.380178018107566	9.142334652561612	0.12963715606359036	0.18543011690269795	668.7549573346855	1608.6752085464138	379.68179899516224	59.669289784778606	8.233320483325935	9.451397536769026	1.5306508730804838	0.46582682401047437	0.4754542830249527	4.128624658667725	71.153934438416	25.157442886724045	
0.1915462619527713	0.725436967775661	1.2792895622139737	1.3419632234816643	0.006923012487800316	0.06279179250494474	-0.49180596774348756	0.7148473619502616	0.18589527603671457	0.19535827125188857	1.2760380500435193	-1.2184504470336104	0.9651296453971675	0.61464922900615	1.43969860141649	-0.05547345653596795	1.0526096838444645	0.17093591502225886	
0.45695774800669714	0.6242996188757358	1.984753316366595	1.3227013350840962	0.004301879977262551	0.03947513300136723	-0.03775275881375633	0.11316754324086722	0.2211323818156075	0.28408774203108567	1.124536481910845	0.8496072850911095	1.2116885438860865	0.7421389240640107	1.3478411820363292	0.4575901811654794	1.5524350249971803	2.994364314467118	
2.0736225639371804	0.6610169358853026	0.7912579411433199	0.9996381502125652	0.04139076624237722	0.012730296259228285	0.41021891948643113	-0.026453546325923658	0.2507679510178093	0.09377108868072942	3.417127147601316	0.47080946510323984	1.7727223514450086	1.0769366436465604	0.4993386622711568	2.2654058765844978	3.0725843461186364	1.2404780727010123	
0.29278989270560646	0.30944290320012685	1.0998579569237497	0.5675978790070799	0.036054808123318474	0.00716174574633321	-0.07696623330770153	0.21440380231430067	0.18940872985436893	0.25705437200259484	0.35440916645207415	0.7141084205813636	0.9340850402383001	0.8969054583279906	1.0538568512661608	1.3701858061898162	0.998661609136464	1.115900634616419	
0.3349566267377931	0.29914120548517487	1.1597768954488257	1.1208440627993814	0.04265143872200345	0.02513130372801052	-0.0663412408668208	0.14481517435514266	0.14301619959855172	0.14773331895051556	1.01822373327757	-0.0349856883778091	1.7319665499808483	1.0969495922745542	1.0567796520513786	0.9611195329572707	1.9588233732214584	2.382660442665442	
0.08775631144569292	0.1833958830085937	1.7584534586002547	1.4913537065011513	0.0185387838840032	0.05131403726006027	2.4646751699373244	-1.466510666658814	0.6610556476869436	0.5844007428119723	0.16189424576101516	0.7810755974897173	1.0375669057448447	0.05959216078324384	0.926244070540416	1.6240548333692328	1.125362207523672	0.7113254341623794	
0.4134631771748442	-0.006769911959918197	56.45583038322323	1.2304330248203748	0.027160120048179286	0.008977850115289999	-0.03531723037086045	0.12785308956514815	0.1287803346693271	0.15312168317456876	2.4686910227024854	0.22740768521523005	1.2024934128247424	3.3029898677718807	0.20316390140536447	2.7574028411399008	1.3306213079597349	1.2043193802012901	
1.1045961497185675	0.41383854875098736	1.281378638195676	0.838620588282439	0.016930024063048044	0.009255320063392245	-0.07307229946424901	0.4350513549358699	0.18957674674637157	0.15639742371399382	1.0296259026052015	2.87472544413351	1.4317322481900852	0.11718266684527782	2.057102036459841	3.7944907791952738	2.755498556127419	1.4172046221049086	
0.6205606808958255	0.6477753641470202	1.0068385131177542	2.0853679881785343	0.04301615583861174	0.0074922197661132185	0.03848061163004186	-0.003191029674216122	0.1135845698181224	0.061725899964571875	0.6801599267110776	1.9086620772481109	0.843796929651288	0.7855679227514619	0.6398823470737768	0.7862896225031831	1.6220911072187216	0.5739381351913561	
0.9283886074407915	0.9549726668626746	19.488911473297865	1.6627961969762588	0.06509588729700788	0.019677736301718103	-0.2255159805383674	0.6298301038589007	0.4733587296720292	0.4927155988697161	2.1075207263356392	4.245108575758695	1.319682274732285	1.2356242310821948	3.8580479203517233	3.690757918803065	2.4879857940984755	1.036981349490757	
0.5520018911855056	0.415892339996922	1.7548376540080963	1.0323070709333941	0.007429041254445069	0.018652961898322	0.12647026564403852	-0.08922908500839127	0.3088340506245868	0.18015685710687582	1.2225445914722812	0.03016407805460843	0.990814930609033	0.541167662816824	0.5551043302604585	1.9641064492319913	1.5582180065215552	1.2722879282506658	
0.39362293856808306	1.9054804453518637	1.0878777375981072	1.3222288348043043	0.022948661603187454	0.014665894254669137	-0.08635975267451478	0.1496713285373816	0.13111257802908344	0.3913832422907719	1.4770530792271854	1.4962465763072923	1.6624846766210009	0.5407882794392215	1.0473739087616505	2.566262462157813	4.4870712369797605	1.1487887073338623	
0.42796859846054613	0.9846496185314502	1.1123329817938836	1.1772961121967316	0.008456439802413803	0.028680170498371103	0.03901207650284691	-0.028944850362432727	0.18931137939597406	0.11989152865448793	0.6008323382964169	0.6597190837335338	0.9530844831384013	0.1971286290290091	0.11256864369800941	1.9088234271381526	1.6734639305843697	1.112683450256495	
0.48118308388866254	0.36792759598766905	1.8843290826395895	2.191445698173119	0.05856029027745791	0.04523864317257777	0.03115732455616478	0.0338645662882261	0.2106040415260435	0.2697140310884922	0.3693471593576442	1.154894977894586	0.9674808331819864	0.21805086402525825	0.8459786130410467	1.13409248206546	1.1838580180966691	1.303011591586295	
0.2914906449440313	0.2075590083288438	1.8133225853386465	1.4097707379448186	0.027601306937397464	0.0608574461587194	-0.27069591289975486	0.2358327858693441	0.16543606571719294	0.13258881543086248	1.3209299478968979	0.2776407226585876	1.3270251897516148	3.0383375531768477	0.19378417996517386	1.0659048104729145	1.5216481456854987	1.5421876180910397	
1.2887416698011718	0.5478429919532174	1.6532923101651769	1.1755977671922613	0.015845210406004923	0.03183009329276258	-0.07160241276275538	0.280033470386038	0.28245529871196123	0.2721216169604	1.1660936739220547	2.292132102216928	1.6342763019044313	0.24847527094730137	2.719859225437393	4.643775443253062	2.914687170480166	1.4055847384348787	
1.172062359827631	0.8674024487562961	1.2880629324770694	1.185739930563302	0.0403169507678788	0.009076588070779653	-0.06917233590269183	0.11698942113145618	0.22303310169585241	0.4496798437226264	-5.487930133944481	4.2918141389814215	1.6547669234519466	4.437026706717148	1.7844005815139354	2.5578868279013434	2.553713393431848	1.2305679300427017	
0.43229579633387133	0.5506823641631177	1.1082178076353433	1.3928887124483664	0.012926823345067085	0.006640040396081584	0.1387090347250478	-0.015465979238282147	0.25213805097588865	0.22578861393386612	0.12805884766855122	1.3318653114382613	1.125122299556143	1.804614798576317	0.7977479034458035	1.0890131187377285	1.3967562872240118	0.9920511465168685	
0.24159288825667613	0.5284634751317586	1.3317194524752511	2.978503185185258	0.07367047754512954	0.06403981620248243	0.14901434974606712	-0.048205192258215825	0.20312177955416744	0.11127721156735854	1.8589812416845697	-0.31928814541010464	1.0435614067606735	1.2952226779684122	2.658878643610998	2.2829155141251114	1.2446731713768788	1.3182368667320832	
0.3316599729035329	2.23573435190257	1.0687785113664743	1.1217890479623138	0.006578256799990253	0.054869643756977886	-0.06760581898801427	0.5642901327253833	0.1343010271764804	0.30372614769862294	1.0781302622523992	1.5597179380724266	1.1122771968948244	0.7293488786875563	0.3915098682663405	2.2841294631491094	3.10941286635665	0.9104743020965465	
0.8804283075202982	0.690352614950227	1.2110365251584048	1.1176449712225431	0.038062983895231155	0.008285285361629036	0.06631021962479165	-0.0573654329971132	0.2682617284654635	0.13469949545179738	1.0508569644260148	0.9159297066589187	1.257485124589673	0.6144609791856815	0.27730579711285064	2.5751966249230684	2.2088005030043316	1.6643652568904126	
0.5609637341134979	0.5716108113343361	2.188132274138979	3.5423247453565168	0.05004845579095604	0.06585081610894919	-0.10339222735082722	0.10923595292059084	0.32718526118177726	0.34000209721027713	3.5728569517632547	0.2810232185627612	1.4284707874814473	3.97728470751566	0.11946722854733298	3.6835426077331666	1.8051888289791687	2.45221863117682	
0.04238939573714051	23.723380270109708	1.1560101650531784	1.190587393520969	0.0768828364944206	0.8520650337331338	94.62813350415409	664.6206574611745	95.58390841505927	114.48779245603723	8.117080107093484	14.351915493619627	0.1693031829655498	0.7501440946460677	0.4124705695466115	50.64775747809855	2.78260430556904	22.888211990559668	
0.6977936129417722	0.44395631148641124	1.2341094423320331	1.1572451834452158	0.039562956276424	0.011001581937652608	-0.3724344552997144	0.5813158790987221	0.41809136600503427	0.345312125740277	2.3987892015622645	0.25039927916290455	1.2656872698910346	2.679589433441907	1.110744772996945	1.8231905536519015	1.659763576061871	0.7394766953538672	
0.13062618036633972	0.34138197366282497	2.0388953844643742	198.22775168898946	0.0792347283172808	0.10410165152251186	0.04375264776002499	0.0018241391330731378	0.43944375615891745	0.4365588439248848	0.9460003959731424	0.471758855990902	1.346577307156188	0.09650846671698711	0.7252983234918998	2.772739479252204	2.239013267120803	1.2493654192786592	
0.04549990487291765	0.36409174436824066	1.5619057560214495	3.3105994518537134	0.02309922909166776	0.03362511668707455	-0.16495360633230896	0.42660413108103257	0.21515901009230995	0.2300418725588624	1.7149531772281836	-0.9740047414164975	1.2290031164648798	1.5398542948183265	1.5477176420794498	-0.17723837329792774	1.5753994113574719	0.7156465859790595	
0.6736687946937668	1.0780239188902023	1.1375704615763824	1.246286522615726	0.04973279750720478	0.039095632804133355	-0.027637203278849113	0.15333004765483	0.15724334035800447	0.20385759473080292	-1.044623012302009	1.065521319909506	1.357884162586887	0.6232060686913977	0.33468211501747663	-0.9608605086005721	1.9185030132789098	2.422284252758852	
0.6924706624367848	0.6857640641134897	1.0139232724717737	1.1245251770858984	0.010907285709017056	0.06062360238211556	-0.12437763392500605	0.2900899075160441	0.34446453105720054	0.30417409811872054	1.9579103213065085	0.11588842636671534	1.2514521954548987	1.1204700723175642	0.6752443165255814	1.3530168035177534	1.8102064193049339	0.7436415025475098	
0.3561529860477016	0.3589712247032281	3.3535357963185954	4.832624629039444	0.07580686737151006	0.14009504220034094	-0.3766043069105213	1.5510282165351172	0.3424668903513999	0.31729764300353736	3.525088405648772	0.1690013564733487	1.4165922799023682	1.3933123470257467	0.14219194845663238	3.4060428889818146	2.06478996399101	0.8356263343731158	
0.03862224114672838	1.4394830316671108	2.4778966947402554	15.694685149474084	0.11558914913847364	0.1578868069095447	-1.021884268910275	4.502510856455062	0.7234229128206325	0.6669216596446744	5.846859414423865	0.5604430061600927	1.538563477546868	0.8358862013398739	1.4689024256209844	7.285797817304365	5.74407923749413	1.488950694607652	
0.5746748703593368	1.0257263463390738	0.2267085100523569	1.7465932262204245	0.05148943282759191	0.04005055558747299	0.08869183220197199	-0.03247801350182933	0.2663225044068621	0.13957765527864469	0.18448796399365383	1.0723613227574955	1.101423200598395	0.09529680481681402	0.6360467314328195	1.4092408083204193	1.3722074755495655	1.1393967785696295	
1.5927466980489997	0.8396700145229647	2.589097449047356	3.356135692760714	0.08499894023653597	0.06215820173731641	1.014328795407906	-0.26826359592616145	0.4541694466144623	0.44719326296552264	2.2435748157085373	1.1985371063156587	0.9585553802363119	0.9194801387456937	0.41818921323899166	1.8552129615336406	2.3267047197381485	0.6482543738834472	
0.4293506991878127	2.6872429113387253	1.0750346699161266	0.7132382020126151	0.017101839778164346	0.06263983520950209	-0.3171427348437452	-0.11793436889211006	0.5002975518702277	0.3877148165586641	-3.6959345029639685	8.795936182475753	1.2968430320597075	8.69419466820509	7.511633364787338	-0.09250157155816618	2.636748566266783	0.23680566799858035	
0.30242969470923037	1.9703484025305873	2.4887497338547395	16.249127281155296	0.05008177989755452	0.1110027376558374	-19.713353254217107	24.12602567833677	23.20892406620478	23.084713043181637	3.233621707906023	1.091316555545576	1.203237090779605	0.6484638876962071	1.450488413260053	4.090752834624281	4.742004456740411	3.917604830666752	
0.6655652636774627	0.34806272208975186	0.986401848591455	1.118739288999928	0.025872147846630802	0.006103030621627583	-0.008692925133940226	0.13724548230346048	0.15791818985120312	0.1311770559042095	0.6788357645830566	0.46093093424722836	1.339226134519635	0.3644605845623697	0.29856508492319084	1.700475538219149	1.7975364564357679	1.5692171418926821	
1.6073752428418409	8.541064771827285	1.7588548691751325	142.40211408432364	0.007750010666678942	0.40401986299121384	0.36039442248900877	-0.07121997682802238	0.44040762757315627	0.46782025155941875	1.3884494088965993	5.869575496228708	12.943086164041384	0.29383038879140233	0.32388635495300555	8.284811255766742	54.937438449478854	4.425183011160754	
0.44236963059420087	0.5286757292436622	0.8773577514612309	1.3116700668608452	0.026961466467592513	0.018955025440019202	0.37615174358340603	-0.06314181520689532	0.32414363335519475	0.32071799512132726	0.5163225826081898	1.6096527922288928	1.3357908637131146	0.9637472658034293	1.1207459069302201	2.256947157129137	1.727463186421672	1.1291113880702524	
0.36710980894303374	0.40885516507830244	1.0851056187515347	0.48281729044385396	0.006748178270137227	0.0150456886681579	-0.11808881121098579	0.2269751330681118	0.16124324933107123	0.23548938178610565	-0.9836356242544048	2.577549116498786	0.9671688681460889	2.111468102540854	2.8409236347878872	0.056632479190194714	1.118542799072432	3.6402570107129546	
0.17784099874117648	-0.0904425978509353	5.117449858375958	3.3777992540047936	0.15669546118726188	0.04844797913560702	0.3020402882308421	-0.23314296301744178	0.20237379553015172	0.14433842420493775	0.33986740541812954	1.0772260053012692	1.4907496822934287	0.4286664921735352	0.7733568591073268	0.9901502347007428	1.789528615356742	0.8909786543972309	
0.35503511910779195	0.5661442401689726	1.076801318848535	0.8706797787846748	0.0063697424214511356	0.03293051803690702	0.07986500572151603	0.008783443695106544	0.13200448956854266	0.042728094112035556	0.9836267270027813	0.7647460670729475	1.0439671448913415	1.169768047285405	1.4276260923100803	1.154130808955808	1.2413478115633203	1.5700971636816334	
0.4875931712957545	0.06079500295620507	2.185997389240524	0.4291468520819434	0.04062762897715251	0.10368699167575429	-0.20312082289964373	0.26196455149490877	0.2721004786809188	0.29857228370068145	2.211439687717007	-2.2950907075672635	0.9890205126736218	2.151725498092732	4.1817737186975465	0.8516244440101249	1.151087079024968	0.541702239684972	
2.8329871396218307	2.3442323197197106	1.4937654231268707	2.1589409188668944	0.020321607114543734	0.020414169509004584	1398.1282999517564	522.8895369785737	174.9263589640154	275.67615137559426	3.6534505201212895	3.1619538154884035	1.7043458944069498	0.7284714574214001	1.2835810126273923	9.06824935879114	8.83645747159168	2.8062026572240555	
0.9292157178541894	2.076300439530966	1.1771569684160859	1.0765950957708725	0.027577594602943473	0.019513946250876813	0.35454392518492783	-0.0782300227991595	0.2866000971165815	0.2112864269546829	1.5250879829368178	1.9612750969330661	1.549203298489443	1.436138894937355	0.14245410908099657	1785.6697935014295	109511.37349091806	922.1362565448264	
0.3979513209354415	0.1873452190793265	3.4668109620214675	1.751933987424805	0.04205024820930085	0.02957242692598751	0.06350318623328043	-0.2395957729148166	0.23565527147848256	0.275236196351764	0.2236465431545646	1.1786137726412607	1.219308408882951	0.16410399930427733	0.907630434214677	1.1643391266873322	1.5104831816836835	1.766541954651171	
-0.007885592907985852	0.5969842423166821	1.2927299468587938	3.740924851054427	0.009054586237089494	0.06180617298660308	-0.683941065327048	1.0332398197234285	0.5099411249524958	0.42007919913810654	1.24617761528119	1.0109856552988243	1.326970352042661	1.6410212041722032	0.9252092573186353	2.1523681363327962	1.7266339799264914	0.8424733141358445	
0.5059510338010339	0.19613751011049754	1.3314561038959087	0.642180458517222	0.033238467077032825	0.0013151735244075235	422.2975650183765	1324.4780880847263	336.06186281478074	312.2813071174219	1.6815566405215832	-0.21536275580609862	0.8909167318345882	1.9247100007547857	2.7627728290643043	1.4526980582566273	1.0437495260564382	1.9785043955339305	
1.8825343037332551	0.6055996405789474	1.6656038099381434	2.0483875247576626	0.014633893640945432	0.0054631607653128494	-0.15818773547718978	0.5014311457385987	0.7658109474522417	0.6785349660575061	1.4750534666181	2.037238889688056	1.7307236352059778	0.2859145551001554	0.4790130901515043	1.6280712743363879	4.6378482537835355	5.444569467667469	
2.4070633975801075	0.284901777116571	1.538449721654127	0.8586398214637534	0.08705254129195752	0.007662314776716581	0.9034468995429292	-0.3033874697068244	0.3083177231883726	0.28383565793890103	1.8718987628576287	0.9437882275346244	1.5171298241403932	0.289597722071311	0.8370878389617087	0.14982419794836896	3.7356123561456567	0.25152996498691965	
0.22002297634546986	3.205503620981138	1.0783114175887418	1.72217327163324	0.036325355749684166	0.045327150796647946	0.26576448645519435	-0.11261781577615834	0.37474882223116074	0.16187326677714703	2.7747896629228204	0.7673055585061607	1.2397272692341728	0.4667714477104786	0.8199663796463622	0.9905394710360453	4.406262126569659	2.0680607464437046	
0.5011361778599355	0.6515051410110928	1.0740648858994333	1.0024460425556718	0.05035197160850776	0.02755825581985289	0.08719280238906042	-0.0479884043690303	0.3398476228300019	0.28527867213260855	-0.018598939293571745	0.9499463440902853	1.2427077316558381	3.7776741385413515	0.8441417035042994	0.9337583845798043	1.4763365525818946	2.006274146972507	
2.188792124150665	1.232310936628829	1.743914016840819	1.1597012306911103	0.010814591857841751	0.010285086891855396	-0.40301199755167105	1.1997916768871713	0.5192873377414933	0.37174453062717294	2.532562219026843	0.77630931255006	1.4008854082148334	0.13132381082122416	0.1174955867953654	-0.05358880862961143	9.303867923612156	0.11276323267289742	
