5.249808068706592	2.66738
6.541978552039846	14.4305
0.7727658892551948	0.341491
1.6409962153063133	0.33879
2.4460171859447937	0.672946
3.3368549792040922	1.93342
1.5899109798512574	1.01347
8.699579791599355	0.524459
1.1648765324070294	0.449507
6.413459046448817	6.94273
1.4711943378617478	0.902731
0.7567880983667007	0.70179
4.489406429954143	1.93342
2.4847380159528627	3.97353
-3.5970012764021435	1.04546
-7.607770397427013	0.758551
2.6421617833512325	0.901624
2.437120509679223	0.651066
3.2992469694757434	1.32656
1.1793685628557957	1.13551
2.3131216123945877	0.594171
2.0267691578943605	0.85716
2.1281575579705097	0.651066
3.633647006868174	2.72068
3.5178766628867453	7.61735
2.4346392176969074	0.66092
-4.06093217444891	2.76188
4.351726499841069	0.420017
1.0040822045569666	0.998091
3.0445646980781103	2.31652
4.631014308095407	1.98704
11.005047743820644	0.688963
1.6135807966446458	0.940852
2.65239083283089	0.576313
1.8194468435325069	0.740818
0.19790519973696377	0.164555
6.7364512011699	2.13289
3.4640832784474007	0.70956
4.435253758308167	3.79862
-0.5911623377208142	0.521792
-2.0307045097748437	0.877691
2.168030713437458	1.96637
2.6696238501131213	1.70798
5.895717369425806	0.486888
0.9372358727570742	2.1642
-19.434894129420268	0.537842
-0.30531261884101746	0.578015
2.357117567581374	1.0135
1.7882245338614648	1.35333
1.1636814774639939	1.27801
3.3005867068658388	3.35213
3.2955543745326223	2.56354
3.1689304950331523	3.75165
1.8707156319728826	0.789412
1.1966198681922815	1.54913
0.9713870040899323	1.08108
3.1579227700503933	14.2237
-1.1172909112764298	1.22867
1.7760820376521793	1.19903
0.2934689195003141	0.616545
1.8612446996277454	1.14464
2.9237288326424777	0.924227
1.6823069259778825	0.937073
2.4754678503493697	0.307741
3.0727436862891118	1.87458
1.578621146283243	0.47979
6.377085822527809	1.49475
3.0474262264732825	0.500253
4.987874450690542	1.53669
0.6413516129596588	0.999589
0.4438838617051321	0.616545
2.7598691507684885	0.720634
1.2843525033867924	1.86509
5.66998720659646	1.6647
1.7667320126626853	1.60955
2.74920057015505	1.28198
1.6908750535620996	1.35341
1.6787967604101641	0.541984
0.9999597972408741	0.457601
3.6968577720514637	1.32656
1.2399944707285604	1.04546
1.3499028844099432	1.00422
1.1727753943411023	0.681857
1.3603684602616977	0.370089
3.8215598748119475	1.22972
13.808014499916114	11.3814
2.033768880832875	0.19812
2.8753721321032946	1.34912
0.7128090053093955	0.4034
0.24988935928048897	1.00179
0.5686395643172438	0.83949
0.6241905201416149	0.636323
0.3958524523197664	0.602973
2.8934619265717383	1.4502
10.775800925396288	5.58977
0.8126898342122101	0.77102
1.4206982843240474	0.659962
22.318194545107037	0.50196
6.531200504349857	4.59048
3.4098284455835053	3.44128
1.7914023062084765	0.483696
0.09121640155453879	0.757555
4.079228759211832	0.602563
3.518331431414813	1.22951
0.6262360033901935	0.96011
1.3900799387038938	0.4034
0.5303741781895487	0.736813
0.7181068119346194	0.602973
3.8938210082912383	0.685206
1.2539905546170442	0.676761
0.558427384872749	0.558753
3.0676499502673984	16.3383
0.32713788747295414	0.217852
3.341556804193636	1.28487
4.584902423976881	0.408832
2.8047564125270386	1.33685
2.952547761136382	3.80694
-2.1180457188226605	0.563892
2.11923299708874	0.952933
9.826910592279926	4.74257
-13.551723189645877	0.604918
0.9051043028432888	1.01444
2.290574217242767	1.03568
0.5134417176871162	0.587077
5.534462261548514	0.878338
0.8292034249473553	2.71608
27.337370412978345	27.791
2.8754953296124715	1.03514
2.827060251694641	0.871621
2.3205318523606824	0.700332
1.6428678619618453	1.64963
2.1143354461798323	0.500253
19.376537750725557	3.44521
1.0062972531974843	0.717326
1.3080986044199097	1.48145
1.4537817670284658	1.31601
3.3150269681005295	0.978588
0.5078404719851978	1.06803
1.1231473782488324	0.877691
-0.155335744995545	0.219937
-0.527690465756488	0.452143
2.512914144208952	0.884995
-0.433348547691854	0.657879
2.180143199647956	1.09067
1.7964262174455063	0.871222
0.5412659468462109	0.378666
2.675229166888457	3.30476
2.1243409391715447	2.58745
3.80650772514273	1.98704
-1.8264582170610868	0.967614
1.7015846395047343	1.43404
-0.8955061565640663	0.263632
1.5082874665752133	1.92559
7.957570265413482	6.02802
-0.7931519358948138	0.532132
1.1465785494588294	0.508087
1.296054214839099	0.512372
-2.7261128831878456	0.747657
0.3938886633171723	1.06591
6.7292682683118565	5.38452
3.466551214281557	3.88096
1.6672344625376112	1.32458
0.7748468201265878	1.68018
1.2228270777870007	0.535261
1.7179547312736216	0.58613
5.708435699439218	1.19279
5.5149478742312885	10.1963
6.113483719711061	0.835015
0.7230113531194237	0.878338
0.4387966755375562	0.487274
0.812498980329191	0.50672
1.6620238035367918	0.903286
0.10048068435003997	0.419329
0.44175058647073406	0.535261
1.0474449760556765	1.86509
1.575150159301877	0.701922
2.4647003871253212	0.944878
0.9849296158755343	0.249183
5.875788945431755	1.77957
0.688979287286131	1.01347
2.6529190386233092	0.90921
1.442531250850828	1.9838
1.564945188097493	1.27511
2.227632734916537	1.71723
12.543025067829928	3.84639
2.362752075315694	0.722514
1.323592664816547	1.16585
-19.67829757454903	19.9532
2.1169787099156743	2.61935
2.48100589768894	0.794075
1.8410286879247222	1.97629
0.6796223749748879	1.16585
1.5426742582548314	0.945816
0.14603038718983774	0.400254
1.1260390085394159	0.738759
0.7753177216199428	-99.0
1.2860040929340684	0.669216
0.358061287851611	1.19698
3.877211325808134	1.16579
5.982865797032712	1.18661
1.0195157497359564	1.34041
2.38341644138676	1.37254
-3.009696727025545	1.13551
1.4026388671558274	1.70088
1.660481872390349	0.879211
4.744337260631904	2.29782
2.4860646035907905	0.952354
2.4249665678329935	1.09956
1.5587918236730451	0.328828
1.0213187210022325	1.27526
4.986730750875398	0.849684
2.5209230202289814	1.5466
1.076640948693205	1.76936
-5.506810776522134	0.785827
15.926263895994637	16.9203
0.584804974929426	0.565404
12.252098251388468	4.46428
35.796132500404326	1.103
2.1082020322902744	0.91377
1.1387588413265093	0.540236
6.428647406452101	3.10074
0.5030171713477666	0.338495
32.66355255263578	27.791
10.795305571937387	1.77957
2.9938450181565806	0.854996
2.4239375483568963	3.44533
0.3873165743882588	1.57843
1.3328245737183038	0.491988
2.966955410669116	0.835015
8.90797377981821	3.70973
1.557049980652809	0.688963
1.8895944361767711	0.675618
1.7080691248504072	2.41499
18.68801326101844	1.18872
1.3696993432789843	0.919769
2.6565966165719437	1.03568
25.4467101123969	2.74056
0.5816045896134172	0.601675
1.9698626230222087	2.1675
1.0516167642449104	2.13289
-1.4540228053266477	0.964733
1.5084549215020355	0.646878
2.1700596398338474	1.59465
0.6613888941753151	0.350369
2.0768878383949585	5.16673
2.8740609579432568	2.04873
0.525616110539305	0.967614
5.799908515181526	1.89866
0.4565745281206227	0.4083
3.0154914549707557	1.97942
3.330698419568875	0.649196
0.7504935947647913	0.847534
1.5846999516684723	0.608176
30.15404827022435	43.2837
0.5545953683821659	0.782029
0.533998278764143	0.77102
0.7412248597283211	0.446546
-6.998118553552162	0.649745
2.2361607855557897	0.690153
0.6883996394634665	1.103
7.328507039786705	2.82865
0.630411856081039	0.491626
4.504193645646571	0.164555
1.5036901145594022	0.569826
0.550265885567023	0.525717
1.5215674205519927	0.720227
4.364249940147959	1.27419
1.290474566142519	0.356425
1.7413855026190732	1.24116
0.3395007004896531	0.537819
0.7075694420997617	0.57843
0.5458591482392441	0.695601
1.3920832549651816	0.858671
2.3115435356649363	0.737767
1.2537215739868595	0.95879
0.932368377651294	0.173099
0.31474379022672344	0.629759
2.6395871797538275	2.31197
5.825704281204756	5.73336
7.729670298064675	4.46428
14.560397630490375	0.510314
2.1551990106671064	1.50476
1.207044567291308	0.905358
2.32283264349049	1.03568
7.326195594527836	8.62294
2.6794317406273565	8.7066
3.0846455674115236	0.841705
1.9184976190760181	2.66187
1.3336661344274	0.228312
5.709432221857392	2.12995
0.7298217851814057	0.344031
1.5405893837239009	1.89084
-1.5618225436097297	0.465907
1.9243895692596595	0.577043
1.3210457047775164	1.13677
0.22245204746666766	0.84236
0.7775085577432382	0.637634
1.0204388892684653	0.483696
26.602393262253912	1.92261
0.3726873805671846	1.39055
3.749965007600892	8.05862
2.474990204781912	0.984821
1.6373154031887482	2.76188
1.836878382579049	0.700794
1.5845438401732959	2.26477
5.7182864385483665	6.58636
1.4056521791093082	0.883508
10.355554977316382	1.51132
0.8391786494682335	0.33044
1.7765935440890703	2.95084
2.6003865657950835	2.6122
-19.61183764653973	1.16825
0.6711615936862672	0.608383
1.0604649800092998	2.32256
2.1915293963968785	1.49409
912.2836335943216	0.865709
3.2386231336791176	1.81447
1.6530304528429587	0.935727
15.809117523123568	7.61735
1.1568012305665674	0.966128
0.2401960198313605	0.663129
1.6042608604975142	0.602973
1.161588610957573	1.66312
1.326377559294951	0.608383
1.9154672206641614	1.65779
0.45647861554058544	0.716503
0.9808563629805351	0.704838
1.2002894104056303	0.865709
4.498133183533383	6.74372
3.967109200738	4.25726
3.020889467466113	0.865412
3.0838327864206754	1.05866
4.048115173998121	0.761829
1.3984768289744474	0.356425
11.145792830576532	1.01234
0.8009853005479065	1.0135
0.21088223359185446	0.310241
27.97698680853437	1.48327
5.483524166636216	1.81447
1.919059431701129	1.21397
1.2985145825425741	1.01234
0.5186162110723401	0.370089
0.836924702323024	0.394727
0.7952000298284004	0.555036
1.8955806271487623	1.27157
0.4849860600207415	0.635626
2.8189295309836497	1.92261
1.4279016165479836	0.579791
4.337694100391247	1.61927
0.7836184418257587	0.384123
1.465441559126919	0.466947
6.603934004458851	9.24573
1.8411091683085867	2.08928
1.0230874095637201	0.835015
1.7413280364778636	1.19279
0.5248402969145668	0.616696
1.193219603635574	1.67497
11.374589557880427	6.61888
6.167748728789198	0.591698
0.7255129354300237	0.817153
20.67549750608848	2.12995
1.8001647295696304	2.31652
0.43135390075115937	0.542781
-1.2167745167128874	0.579791
0.5879147225659842	0.726716
3.323467315076859	0.70956
9.587650083641241	7.57406
7.7601623536156	8.2275
0.631820405128245	0.871313
1.6581825307997065	0.431802
0.6389660237054164	0.435023
11.79558033764619	1.88461
6.037563429144764	1.14464
1.563693717540499	0.794751
6.147452680956729	1.97942
2.215230937253089	1.09766
1.6328248961434522	0.905206
1.4447963088096283	0.596749
0.7877699329247381	2.1642
6.336236447786668	0.707436
1.4198722733724545	0.678239
2.2452548465367155	0.338495
1.534042750402346	0.498573
18.115267419292792	3.79862
2.3822219166782137	0.935727
1.1867799264686008	1.56569
0.253191151860991	0.990137
3.4671679049915514	4.24328
0.6662738902938445	0.535261
1.3962021882502562	0.966076
71.02523720590955	116.428
2.043507383809384	2.79355
1.1827150119378163	0.830234
0.46865306753565583	0.166218
0.21149895194137944	0.414278
3.7731259577609255	8.24672
1.4942399230124321	1.662
1.8058699679820394	1.60713
1.3489911820662992	0.955573
1.2561907634686176	0.66092
0.3445959239451445	0.944593
2.5550453835762	1.34912
-0.7188883811186515	0.602973
-2.289551683463357	1.24277
1.0583757600407122	0.963705
377.72893310665194	3.84639
0.5511188565241464	0.255874
4.432117526975718	0.805272
0.695526988040528	1.12738
1.9859695779680036	1.11275
1.0413285214757337	1.37957
-3.9177318058216692	1.54913
3.330311369731153	0.944593
3.38921967692306	4.01281
1.5144173398903253	0.680649
5.5638059531660735	1.40807
8.553740835759234	2.00744
0.564127813558876	0.451995
3.965405430860286	4.99158
0.9925545389921154	0.763063
2.055805349680529	0.866754
0.9292793226384097	1.35333
2.0203598080786525	0.319985
2.7786230762590582	2.72068
1.0515906094117384	0.695601
0.22184998086442997	0.821628
3.4459318512652177	0.763063
6.363631397459284	0.465907
0.41445276155461896	0.510314
2.2817560272937754	1.27801
1.4458856230572907	0.945816
2.087091676834042	1.16088
2.791797549174849	1.1001
5.956733097004803	1.64963
3.694233045377169	9.37573
-19.691149447504248	10.0936
2.719683456959715	3.15847
2.6905835071496114	1.25197
0.43018481220114363	0.33879
4.101932194741012	6.02802
0.6034900014256382	0.94426
0.6045312560385281	0.799366
0.8119203347068116	0.97741
2.5323663055648784	1.8633
0.5742151741175452	0.36964
6.351876093877637	1.00179
0.23935401373339582	0.449507
0.632253240779232	0.892479
3.3491380974111236	1.29642
4.972047028448311	2.00744
0.6119217576906321	0.830234
0.1866095648422799	0.32006
2.872296495453662	0.10961
11.064213310171839	6.02802
1.887085089580869	0.796135
3.4093561642160015	3.80694
4.554488607065298	0.719234
1.875442751911476	2.13684
0.3223129824255199	0.4083
5.341679892361062	2.38694
2.4005097115403005	3.64503
2.8491136405572774	0.466074
3.9507750707828637	2.26477
1.6799591263652114	1.2489
-0.13066423382802173	1.68018
4.701128096414206	0.836983
1.5705760572714345	0.935727
2.074879240113133	0.431802
1.3821801561690814	1.51132
40.329369044549935	28.7348
1.1806348859743585	0.341491
1.2666634329481228	0.821494
-2.1201771245169683	0.671022
3.352272720009446	0.344031
1.7077600812954963	2.17064
1.4294877110344595	0.732248
3.3840095785823183	0.687502
4.900535565968407	1.61927
2.459093722635389	3.44521
-2.057790822212529	0.742519
4.101741753982693	1.50217
3.1116976512218515	0.858671
0.7478451036054443	0.657431
0.034236154752583896	3.6589
1.3289075160707655	0.678028
1.5334484186016353	0.604612
0.4481903285800899	0.594171
0.3727873485331597	0.293749
0.9322572837420695	0.637634
0.9578393785349923	1.50476
3.8476093646109666	2.00915
1.1255579805601124	0.542781
0.428414042328577	0.690153
3.938313498630802	0.903975
0.6812582593145645	0.549344
0.329423795007626	0.228312
3.420427321393853	1.5514
7.794282967381815	1.10859
0.49452632746682845	0.166218
3.0180447432815054	0.698888
-1.2132211353918294	0.594171
1.7238656726827022	0.740703
2.5171409601463073	1.27511
1.0659808928818248	1.4502
4.061439642708551	2.74056
0.2853123779866655	0.413978
0.5389762454100003	0.919769
-1.0114218861619952	0.672073
-1.0143433382407188	0.48701
3.2263956936591534	2.14194
1.2378456021815463	0.773786
1.0889387667508097	1.09067
1.025779540050252	0.997226
0.9319370575766377	2.1642
4.204176009103602	1.02311
0.5215583758235413	0.70956
-1.442851598935263	1.04433
0.7328745201142386	0.752785
1.6425890134099943	0.577895
1.2965341615157657	1.86509
3.357816264871377	1.30769
1.7783025573045634	0.944593
1.0721878420097595	0.761829
5.482637600587962	0.941223
1.1862467403158101	0.725237
2.0866128693867103	0.495927
1.5417431333043503	0.498286
2.3672272324467163	0.85716
1.233346446935777	1.43404
1.3545981883024962	1.63987
6.974845274511332	0.568483
2.655155207385846	0.663998
11.920307454027483	10.8284
0.823652447972269	0.434432
-1.0983704089314787	0.59091
7.130905847870104	0.537842
0.7984379758102079	1.34041
1.0340094596848008	0.579791
0.8678166738430789	0.289737
2.9160190463709217	1.22263
1.2497637481800663	0.479573
1.0312975697205802	1.28487
-0.8569443598937493	0.092309
1.1874745763939474	1.22972
1.874739354595213	0.722514
0.749649497519102	0.715799
1.491623847209451	0.847534
1.617695912371153	0.167746
0.3005210263766767	1.10578
0.6539018709089154	0.793811
1.8242445962275302	2.00915
4.5927431299337105	1.6876
0.7984476896126745	0.255874
4.255482374630752	4.01281
67.96151922279078	129.557
1.3431488614887714	0.651066
1.3839428789687098	1.96637
0.7968337476492097	0.681857
1.2111201963718272	1.00179
3.3320116625914884	0.340151
0.8868833615840803	0.792617
1.3988663739567249	0.468147
0.69058004323049	0.622089
0.8558247450643536	1.4495
7.039308496132035	1.62175
4.051490471154016	3.94085
2.3377083354592814	1.06647
5.105701472801564	2.38694
0.21524769588396725	0.4083
4.10398128292877	8.83471
-0.5646353651108669	0.966128
0.05270339125872565	0.303148
14.339685719436158	7.92082
0.5008412069932918	0.217852
-0.34645132878604834	0.715799
0.908953376260487	0.568483
3.1950261204110735	3.94085
0.9543026263746329	0.371711
0.5920791734594959	0.421124
1.7381284670151886	0.97741
1.5603553665367282	0.700654
0.36139532703389654	0.903286
0.943256737896928	1.02961
11.64913615920407	4.54489
3.9799906281751385	0.434508
4.207618335323714	4.01281
2.9021324429529303	1.36862
2.168138757958972	0.512372
0.6442535094087225	0.797372
4.741503413807503	1.63987
8.96021902701815	8.7066
0.6315643157120987	1.19279
-0.552573001743577	0.455652
0.6469687413368486	0.937073
0.8309023167513278	1.56565
6.360106192478328	8.752
2.047691760710383	2.28156
0.7849634706824149	0.381888
1.9085358519401834	0.638342
2.33277026146825	1.59465
27.596113633954158	30.7644
3.3562292516260004	0.681992
4.028686370570735	0.742519
3.0241127527815745	1.04827
4.0765890000431755	2.25041
3.264175554994777	0.677442
8.273258149047896	8.752
0.29203875298907617	0.555036
1.3081258863829077	0.333094
1.6842961828415421	0.901624
2.440578959766318	1.03568
0.7793512380559137	0.83949
0.7550169175334506	0.0991328
3.074447291264236	5.15227
1.4117442489444902	0.701922
0.73003513363553	1.18072
1.6529617776762389	1.83489
8.470822081887876	8.24672
-3.825574441432966	1.02961
6.8408076637095405	0.77102
15.070495987152704	17.4243
1.4649534167084002	0.468326
3.669685302692809	1.12234
0.9018500675669643	0.500253
1.541043591762567	0.715799
2.959063701395985	0.865412
1.4297514293630131	3.44521
3.583436719417307	1.14333
0.48813017092580446	1.34041
-1.6873622740348588	1.49409
-1.8306863527378086	0.488068
1.13387097251574	1.57843
0.09926215682421848	1.10578
2.447114067794182	2.31652
-3.9579545497101503	1.00731
5.322959175157602	1.3721
0.5863891674196999	0.468147
2.9858085591676207	4.46428
22.429296568065542	27.791
2.486944761153465	1.56569
1.0568093156507266	0.561781
0.9705995771572794	0.649196
0.30499757614411577	0.365485
4.747550300943413	5.73336
1.7557871222669688	2.08928
16.990816861963953	2.56394
1.688094910441492	0.883508
-1.3255958575185147	0.975909
18.1153452348298	0.799366
1.1546989018090317	0.75404
0.6146069293230811	1.34912
3.1518211344803	1.61927
6.297198811022754	0.966128
4.745686122765467	1.49032
1.139289826443693	0.681992
0.6131228987125662	0.738759
1.6213009637628877	0.86388
15.624217299113825	8.70213
0.6737745102078405	1.08108
1.1106231462311864	1.08904
1.904796215598013	0.833346
1.2786968185870604	0.865709
3.915768026345616	0.677442
0.4254688008217723	0.840381
3.1355153117539656	1.16579
-3.41235342195404	1.08691
1.6407888643137605	0.924227
-5.524010612066124	2.47857
1.599977147884805	0.602973
2.090727368974393	0.903975
0.540039983786692	0.695601
1.6889000352638481	0.99832
20.03199848019896	0.941223
0.5189111821031881	0.508087
5.001797213128313	0.47979
0.41386154140425535	0.630707
2.673104442136945	2.31652
5.771793590643344	2.56394
2.2104688459735966	0.557922
0.43665914752374835	1.2489
1.6646994695856023	0.645504
10.23138759448658	0.183553
2.174449574758235	0.707436
0.5361475908915484	0.855709
0.3121855357060336	0.630707
4.832957311246745	3.35213
-0.9250580514971105	0.464235
1.8322160332852315	1.16088
2.3857471080226356	1.85003
1.9006740324618254	0.761829
1.0965523297519097	1.531
2.677514752325913	1.37957
0.8154660044019885	0.583834
6.021599742922173	1.37957
7.81907399814552	0.305155
2.8827394642077415	0.897071
0.5902781885238657	0.338029
2.7199600701308015	0.358026
2.655522192875367	1.88461
14.720128897460384	7.53902
1.3744637280726408	0.645504
1.0902786865438872	1.93342
0.46032330469508403	2.56394
2.8023453827247784	1.49409
1.7741509512130682	0.645504
0.6570341252141424	0.964733
0.438981624751385	0.805272
2.194891075598808	10.0936
0.6080565223493265	0.7084
24.256702721756646	0.640444
2.28603840731844	1.00926
0.14852321236256602	0.811941
4.360794619054741	0.716503
0.6367355920857677	0.645726
1.471034361742276	0.879211
4.500455770860234	5.63761
0.7648761877095797	0.558753
0.20023252813275136	0.502418
1.2822938548825413	1.19238
-0.44470282031514013	0.318942
3.559684204560985	1.16088
0.16230168416788496	0.10961
1.3141037279016226	0.690153
3.6366510734023203	2.01342
1.1919416963013303	0.365485
2.0615247263591105	0.669325
2.976061187664262	1.30776
1.7695916712637785	2.3008
1.7009110291825724	2.1675
1.1368633241076576	0.871621
3.641784294294678	0.707436
1.4272831620599777	0.524459
2.355742051786759	1.00573
2.6701006165434635	0.882902
2.0183315259931347	1.01856
-2.351720477161149	0.660368
12.738662754219682	12.3522
10.31136601382944	3.96415
0.9761937459054484	0.659962
1.2782130598947221	0.893474
1.5786613178657891	1.88797
1.7684421185288806	1.25229
0.6651448617545219	0.591117
3.7371903101140247	0.879211
0.8362143440542341	1.11703
1.4331522308468225	0.415259
1.2109949202296042	1.4495
5.637411387282226	3.35213
0.8328681263173594	0.466947
0.41978670550987035	0.427946
1.2791032403280298	2.2773
-1.2425298017612694	0.4083
5.484243167953777	0.716503
3.500586363811841	0.725237
2.5352368189025083	1.97629
4.064473046634991	1.88461
1.4457817266260193	0.963705
1.5343759363246987	0.318942
-1.3148156779563	0.237686
0.9752594864758678	0.381888
1.6140507432048798	1.3421
7.22132998905518	8.90898
0.8541348972759206	0.785827
1.0392419585484787	1.55326
0.2519060586189778	116.428
1.016086203359702	2.51086
0.9686967262614143	2.92333
0.43624355565300005	0.488883
1.373532341481822	2.87864
2.093403053927407	1.21397
0.5057193536535717	0.636323
1.2189505285829532	0.36964
1.5383622739044993	0.521792
3.9131689942059222	3.42082
1.1304136675884011	0.669216
1.2298593503431514	0.466947
3.0876086013035047	6.38393
3.233269494705902	0.494662
0.7052897799175234	0.435287
3.592457683451217	1.77957
0.748316082563468	1.04546
2.748202278059771	1.34912
3.448434124766648	0.486888
0.599564228881507	0.608176
1.124239135818799	1.30776
0.9838568715607143	1.89377
2.088567274804086	0.858671
5.436876161833247	2.03547
2.5385948430040517	1.31244
4.213358835681772	1.4502
2.263377042093722	1.32482
14.422954568904993	17.1325
2.9548653035381482	1.16157
-3.2920214534291494	1.04048
7.6412504648453465	15.8051
2.7945149019908397	6.74372
0.3094226243917615	0.427946
0.3880927466601007	0.541984
11.681734930817813	8.537
2.994141900234615	0.968082
1.0810190629121061	0.62662
1.3807742073161031	0.811941
1.3719914749425446	0.944593
4.078698646849371	2.03547
11.361080651305938	5.15227
4.0970454398472675	1.31601
1.4498617319012255	7.57406
1.3014104081294242	1.16088
4.989969225896901	5.79587
1.0352787489960227	0.538721
18.458077632106306	0.33879
0.3858792509198334	0.318942
79.54727333838193	10.0936
3.906438121186118	2.56539
2.6526185224708994	1.21397
1.4787221494607445	2.13289
0.8109821532089835	1.00743
0.6843383771643328	0.495927
0.36809200993688723	0.700794
0.14312846764517348	0.289346
10.446919868510166	0.532132
0.814780463437674	0.452143
-1.8588469222275104	0.120235
3.8746443263623997	5.31986
0.4728545334547453	0.944878
4.916478274736866	44.9924
1.619347330029826	1.70088
1.0322746905532487	0.945816
1.4666869217358445	1.4502
0.5401285248363387	0.7084
1.3920489182376037	0.841705
-1.594425593893122	-99.0
2.9158745046093397	2.31652
10.426047761778502	3.44521
0.8359478034368855	0.4083
0.2930541288854531	0.350369
1.3602736080989948	0.4083
4.670458174485175	6.94273
7.931047500971139	6.94273
0.8187317702473231	0.575955
-7.195668843129585	0.865412
1.2456625528205079	0.421124
1.335802976236409	1.34422
2.8772125782141265	4.35904
18.012161899018906	29.1164
0.9092512339359264	0.63293
1.793760608515883	0.557922
1.0806767387418874	0.790355
0.8134827161319927	0.396929
2.354525697976523	2.00915
3.348422817008757	0.445692
0.10102368998802977	1.60687
2.8950458159175585	1.08151
0.8778614303358194	1.37335
0.49034495893370866	0.674652
3.736070243475616	2.00915
0.4638433858948671	1.19279
0.7350244252778672	0.512372
1.4861349101664152	0.448108
0.6923534490444727	0.47979
1.6364968876285138	0.451995
0.9373714364862769	1.01749
0.6203630567224677	1.18872
1.320589195833871	1.00926
8.825089826667574	1.92261
1.0067765893026062	0.700794
0.5134274623651512	0.508087
0.8840221096290731	0.730163
1.008573873841466	1.61927
1.4560056587748593	0.58516
1.7028142334646188	0.720227
-3.450628537740203	4.94618
2.0781998580637384	1.71723
7.5888871262475615	204.163
3.1880165409249512	0.4083
13.813441634198524	11.3814
1.842279942740793	0.836983
0.9156527265880947	1.36215
5.0478642314084174	0.792617
13.871309343402292	17.4243
2.889829756162638	0.877691
1.5810100302850056	0.465055
1.4919593315530333	0.997226
18.698445018658777	1.3721
2.0597639659647373	1.81447
-0.28032049320255414	1.15288
5.077528516259532	7.40094
0.658965258447713	0.344031
2.7981964657324045	0.811941
0.38507962100674276	0.514909
3.1122540031212993	3.24516
2.7230121281877504	3.03613
3.456536009286334	0.218155
3.721862063272059	1.52279
0.6379230006204814	0.822237
0.7743037321506246	0.443885
1.8803959079261634	0.583495
9.451833407846813	8.752
6.253943111069962	0.448087
-7.34975053328372	1.77605
7.991409198973225	0.794751
1.2742113489812692	0.998091
1.4224558976761255	0.734703
1.368934621000852	0.67496
0.990442919058997	0.629759
0.9540456974077721	0.547389
3.4647399211046204	4.83438
10.20395164113272	4.54489
1.2361159290603085	0.35827
8.853044258309247	0.494662
0.8933506103654231	1.34422
-4.598456406414432	0.350636
1.4088466177743473	0.657879
4.029897546371201	0.792617
3.944631218185769	2.72068
2.8774131411507686	0.419329
0.8529710275314674	0.319559
1.4868308156026695	0.420784
3.1789827473729027	2.15624
0.885504180068987	0.630707
1.7182716051222748	0.970794
1.4226761898327016	1.18661
0.5683811040684369	0.473206
0.9118969836729452	1.51132
1.6512593365654622	0.493007
4.245682945297625	0.70179
1.8527095085779088	1.19279
-0.8427029017597857	0.263883
2.787934205643855	1.14362
3.394916854665283	1.59465
7.731373679302116	3.24516
0.6494337065644127	0.696629
1.2828980375284114	1.65779
1.2447829815171922	1.0135
1.5566253203109444	0.485969
0.4983505752987483	0.59091
3.2213582656918436	0.120235
0.7366760973350317	1.10859
19.97290459996789	1.38357
0.9720189426403404	0.879211
3.6437445775827553	0.488068
0.5756806658128729	0.757555
3.5916125153670673	3.24516
1.1695669739526104	0.318942
2.819660381817729	3.53612
1.4686157350635316	1.96637
1.0371204618621355	0.981288
-10.452470856553136	2.4002
6.640823297969226	2.95084
4.05946928251806	3.88096
0.8923510009810953	0.722074
5.368325120757216	1.08691
1.6983483863600841	1.46218
21.07068171800916	3.32492
0.5630525747519073	0.732248
16.066931825646588	8.537
1.9929474276028454	0.768433
0.6750606305389832	0.882902
10.129872423834659	0.989261
1.2637450478377337	1.74387
-0.8403537400788574	0.40844
3.268669843261623	0.092309
1.0876310231371151	0.494662
3.754310235107042	1.00422
1.518229525560545	2.49563
0.8728878844211795	1.31244
1.2602366407149717	1.00926
2.6203184977346194	0.700332
2.162179800607	0.790355
0.7640537738687156	0.865709
1.943536851855219	0.310241
1.9603576999609167	1.89866
2.7505232617697084	1.27419
0.7530170548647462	0.645504
5.445754861752834	0.47394
3.726923101286474	0.672946
0.899010797363315	0.967002
3.0697176419696928	1.6876
9.703920776945383	4.49664
0.955094756248824	6.02802
3.2107007401535728	2.41499
5.4073554410072475	10.2122
0.1711494828885635	0.561781
1.2097853700614463	0.677442
1.3225701815002553	3.42082
3.7941885156733783	1.2512
0.7023042762824941	1.35526
0.35282165022972933	1.6876
3.438256095045443	1.97629
2.640956559920071	1.27341
0.9619886280001413	0.981288
-1.014454492483768	0.35827
0.4179641465708987	0.310856
0.30314090211058936	0.555036
1.0239249748056771	2.41499
5.109404428775758	6.94273
1.5893025094219804	1.96139
1.672153390357175	0.879211
1.7500128139283566	1.50355
2.937686729701232	0.792273
1.8798790009830766	1.01749
0.8971041138490582	0.854996
1.8525389669360541	0.384123
3.105373882079532	2.13289
1.357184398403876	1.01856
4.448561693070479	1.50476
1.9081046716415617	2.3008
2.2214401269097572	2.66187
4.0302681608844875	1.10578
3.2090329827154447	1.6647
45.49155476023856	0.676967
1.8773255391740373	2.33635
11.674709360952578	34.9262
0.2907929299897895	0.583255
6.961695188544324	4.74257
2.4065168712776974	3.76953
-1.3289829254550904	0.864241
13.37306401762027	1.34422
13.49632189436525	8.752
1.3126845073918296	1.24116
5.470291768782923	2.25041
6.046571827501137	2.00383
1.4688580495858394	0.366686
1.5379154609925232	0.248308
2.789756955096501	5.78762
1.8935247019273218	1.37335
2.5284990914874936	0.70956
1.6978592564799884	0.583255
7.990364009338239	0.591117
1.5818639627924993	0.638342
1.2517768014505304	0.579791
0.0818581117570964	0.434846
0.7721381920433659	0.687502
4.252147856158687	2.34043
4.107427329830895	0.206695
1.1585987466759176	0.255874
0.8446791972957384	1.31601
16.842356030707275	1.5099
0.4788166214549638	5.63761
1.190608814425333	0.429002
1.057069204089548	0.879211
1.5385608823674002	3.79862
1.0256289445114153	1.76936
3.238830419884649	2.11101
0.6379885180768705	0.341626
1.2352777557578847	1.45014
1.5762910109188104	0.448108
1.3369486568494329	1.02311
2.0273601479791132	0.738924
0.867640798801879	0.421124
8.350994222130039	7.53902
7.613996437862894	3.44533
3.5499441575362023	1.06083
4.523080254983084	1.26908
4.194640396046092	0.822237
0.9740079230252048	0.96011
5.5683235454017606	2.08928
3.96314585760239	0.596749
0.49198502980050746	0.303148
11.66393069366865	26.1884
4.856305451021839	3.5126
1.2684386895255177	1.77476
0.626980008828497	0.430631
2.2110164353799333	0.289737
-1.1169328624323025	1.14362
3.4125194891147106	4.3721
0.40106794344722985	0.120235
3.186212512591917	0.989261
24.070876866358265	1.60713
1.9498391053491142	3.30476
2.2225381761760703	2.38694
-2.9939213288479323	0.310241
0.6410682287680353	0.940852
1.008886924952558	0.747657
1.8163447916544015	1.21397
1.6182105693880149	1.50476
1.0875955690064394	1.24116
1.009854177765041	0.85716
0.9015377839378901	0.494365
0.12034405690473665	0.33879
13.411098014672055	6.21512
1.3753697685591055	0.358704
0.6062690466514717	0.430631
19.046075215933975	0.674652
1.9466585294806558	0.723678
0.6321702501229493	0.75404
0.8436587459963304	0.659962
1.1938968594701127	0.807032
4.914542985228025	0.381227
1.8290015592527982	0.442366
0.40625289445119556	0.535261
6.828381931115281	1.60687
6.1984453763101115	3.32492
2.169762861914209	2.56354
2.9321663294736267	1.11202
1.3069145600667091	1.00704
0.4310498932125324	0.429002
0.8186029418174878	0.578015
2.3035268601187733	2.69511
0.4431779994569661	0.233915
1.9859502769067308	2.43765
0.22905596388817875	0.466263
16.796446780706	18.6732
1.2423863960189618	0.427946
0.6029072443648128	0.799366
1.1388515107813766	1.11201
1.1328540896164223	1.29553
-1.1737931990056827	0.591117
2.201849853563785	0.608269
6.27693194666165	1.01749
5.49840912216317	1.99034
2.8992710644799966	0.556482
0.9749940666666549	0.263632
0.7585954535447024	1.32458
2.130836454260029	0.665483
6.206871633885359	0.659962
0.8739177400575707	0.785827
3.57139297850499	0.399515
0.8621465700327344	0.678028
4.480812569118406	0.405616
1.648737478279306	0.51015
3.4615055066586113	0.716503
2.7998774999941194	5.63761
0.2659382822136046	1.01749
8.213950618533339	3.2311
-0.3411867511290478	0.989105
3.8941210105338424	3.5126
3.1830543734676486	1.03568
67.23541343680915	44.9924
1.2291820301578018	2.3008
-2.211702690344535	0.857598
0.506386105573519	0.700654
-1.6883017849541895	0.176062
1.5835393200225176	0.538721
0.22521831372250142	0.450211
-0.047324414949126925	0.521792
-1.0006187944414486	0.623655
1.5731057607801253	1.63987
1.1059634651564492	2.01342
2.772425626248896	1.32656
0.22849917410124185	0.261242
2.5579590454281314	1.2846
1.1332252250139287	0.645726
3.724311552321461	3.6589
1.1309034282032513	2.1675
0.8466894749874337	0.685206
11.468563737654803	20.1827
-0.10824172877293661	0.720227
7.547677678752834	0.332606
2.3120521744552853	2.72068
2.8880248973517793	2.14194
2.8622032433882394	3.35213
1.8817951617722135	1.01758
0.8524665000437641	0.931715
15.752107867023932	19.3431
2.009850522701321	1.01749
1.5699602408788214	1.27207
-0.29575779552659837	0.217852
1.927363098776657	2.26477
0.6806604535332716	1.12234
0.2709322397778694	0.518435
2.7728043253967947	2.62631
1.7041436667614946	0.663129
1.0693804000551437	1.01749
1.1408378012547598	0.514909
2.028375048599471	1.88152
1.3436835522719486	1.05878
5.081851058918276	3.30476
0.8643097617540209	0.999589
0.5529331311845243	0.768433
1.006536244069209	0.841705
0.8108130047138331	0.594171
3.3363296686412314	4.46428
4.771126357976113	1.34041
1.2328968066849588	0.434846
0.34204276382190757	1.08691
1.2919358434418773	2.14194
2.400486581926901	0.981288
3.546014706790119	1.3421
4.496817481190089	1.58249
0.43597791529673796	0.659962
3.01973524162844	3.30476
1.3333807348026265	0.429002
4.487158915643669	0.90921
1.1227218687994018	1.36215
0.49225156522888236	0.75404
1.2278758783092885	0.992362
0.8189579018049742	0.785827
2.6707855021420817	0.95879
1.8504815881503245	2.13289
1.7607718061294868	1.28898
3.728343914309689	0.660368
-1.2002687201620765	0.499022
0.8472456651285454	1.08691
2.4035102765966188	1.21729
0.477994256403854	0.442463
1.7976127809531228	2.11101
0.46162092529124876	0.485969
0.33410726967467197	0.34734
0.8227175926606621	0.285188
1.519645741533456	0.841705
1.1220112757401253	0.33044
0.6255657791943284	0.623655
3.522998045677366	4.0873
0.9044611266583421	1.30769
1.922520345405794	1.27511
0.86039892115583	0.212233
8.83588558565438	3.53612
6.011039749976813	0.716503
5.418199538965736	6.94273
2.589082589330472	0.434508
1.1176937899089707	1.28198
5.987803755742419	0.832114
2.9398242957995624	1.89866
17.68863949570794	2.58745
1.3172060426024592	0.565404
0.31926399616855344	0.591117
0.48853744635077817	0.233915
0.6634989812131857	0.602563
1.0342088768563058	0.7084
-0.936293092464785	1.88152
0.7615119606963038	1.86245
1.8604209867156525	2.95872
1.2834704341310648	1.71723
11.227254834333396	6.92251
2.605515239560956	1.28198
2.8857939736019467	0.774765
-0.15191767300784448	0.629759
5.580556393143242	0.752785
1.9656830711829614	2.4002
-2.572972824355282	1.27419
1.33743073432749	0.806487
12.315982517122777	6.94273
1.0940678338979137	0.58516
28.46881620786184	30.7644
5.553788823551369	1.9838
0.6285475196727174	0.655064
1.278919926601475	1.662
0.6918084187017104	0.255011
0.7543240376284003	0.420784
0.8743047519500726	0.966128
9.674994040611876	6.32744
2.2461413230739478	1.60713
4.52689725958121	0.524459
1.3884862747275806	0.857598
-4.891186109941438	0.821628
6.194718623647809	1.49409
1.9941969590965933	2.56539
0.6994576628998764	1.60687
0.5788364230124821	0.244341
4.49381907601887	2.96648
-2.1982366944685876	1.50217
1.089799441235131	0.687502
1.4095096562982419	1.58249
10.166116987147742	6.41507
1.1588170837796212	1.64686
5.108619175539578	2.06595
4.979371365200247	0.287264
7.149694004210873	11.3814
4.258950780532926	0.722514
8.857022491707914	10.694
2.739129430476495	0.597734
1.195435464795829	0.696629
1.120330346330558	1.50654
1.6981938422234055	0.66406
-17.12910751499868	0.498408
0.5184515337105361	0.343905
1.3484324470666338	0.924123
7.1727583728900886	0.900892
0.6199671490385174	0.316312
3.2388935766185556	0.491988
4.1150608587357915	2.56354
1.833588284812475	0.740703
0.6768865731597941	0.257723
-2.1790329693349793	0.541984
3.801053285431073	0.32006
-3.4882801602528297	5.31986
1.976828339524976	0.90921
-4.500884809235642	0.626104
0.6027893556233391	0.305383
0.7442781716258074	0.838487
1.2234320102472285	0.817153
2.577391778336534	0.255011
0.5267059435422696	0.707436
2.010258216563758	0.499345
-10.12882821618076	0.966076
5.690484909281662	1.39055
0.5993451189855308	0.725237
5.204706062253399	1.51132
1.4206876944026265	1.22263
0.4890751574977922	0.451995
2.873835421963596	2.01342
1.5484526867690371	0.665483
1.2485972526888311	0.527491
2.2636524618096368	2.22923
0.48886871714646185	0.42007
1.0090831293184903	0.645726
1.445101998004473	1.04048
2.493697211566072	2.74056
1.961848630894763	0.173099
1.1907209884548748	1.08992
3.5185140765951894	2.1642
1.431327268759505	1.18072
-4.814052358004087	1.14666
1.8625149925383362	1.18072
4.163380456169324	0.793811
108.06917249408212	0.289346
0.8185482469739755	0.659956
3.047365988597836	1.76936
0.37512991030441817	0.341491
2.7257150326273587	2.6122
0.37949270626617443	0.51015
-2.5203851679568876	0.483696
0.4203039776262813	1.56565
2.121385932278988	6.74372
3.291391908153739	1.08992
0.7942154998176612	0.672946
4.4998374798254135	5.80748
0.4522964643777694	0.715799
22.543153996078253	0.40844
1.771742515526993	0.740703
9.676879258225911	7.61735
1.8722738798277003	2.3008
0.7368929987867574	0.85716
7.049677544405442	3.14745
1.2018714114478641	1.13677
2.956141243252464	0.597734
5.428839525112149	50.6688
2.376421644015709	1.04827
0.45245344497763507	0.448087
2.2465129982386265	2.2773
-3.5012146445879777	3.47818
0.5331609433023333	0.320803
4.324086218038296	4.9731
0.879280604299691	1.16579
2.5389498478426225	3.35213
1.499358803615469	2.15624
9.833621092920609	8.70213
-0.03257829686863667	0.70409
1.4307622490792464	1.47458
1.4478805681749383	1.03568
0.6044035057409022	1.38639
1.1962637925595465	3.47118
0.7891423359490896	0.879211
4.762321346999242	0.701922
3.414016935748771	1.30614
1.3269708360445873	0.782029
1.5751483865908742	2.00383
3.947637486169131	1.84528
0.3000592868650944	0.35827
35.77106222282383	116.428
2.9657515427974595	0.419418
3.3950355990511745	1.24116
2.1969576768693577	1.35526
2.454576716710458	0.978588
5.757275744916631	8.752
0.8852567811647187	0.467468
-1.2427246166879025	0.577895
-3.9700368380103477	1.9301
1.6821550577465654	2.69339
1.7280136830740813	0.489851
3.387123492678543	0.228312
2.506689984736856	0.679116
3.163312471976398	0.173349
2.1222928477857077	0.775028
18.052451503823495	1.50476
23.85207401513234	0.503065
1.0535495777731678	0.790721
0.32043706531772453	0.291599
34.64418704865153	28.7348
7.566907505786952	3.35213
4.668521659596315	0.716503
2.1777801950507656	1.55326
10.921151109828957	4.55869
1.98010063040762	0.487274
1.2947496595744046	1.66342
3.6463579885026296	1.85003
8.514046659373442	0.935727
1.7384953288479315	1.34468
2.0883723515953863	3.30476
6.457044418364373	7.95136
1.168201855743683	1.0452
3.089200252356051	1.11275
0.33301616704441556	0.466074
2.255206964101882	0.85716
0.9416720499048397	0.399515
1.107423494890753	0.660368
1.0290592326680215	0.616696
5.6032416221648145	3.53612
2.769213391806716	1.71723
5.525690863408312	-99.0
2.2834633482335196	2.66738
0.2805624029320019	0.42007
1.7935486738654205	1.70798
0.9984237787761965	0.722074
1.15774967931436	0.587077
0.36134950919241765	0.455186
1.670573733123996	1.13551
2.4488824169845604	0.263883
0.6258383698632894	0.661004
1.5208084936830413	0.499022
0.9968675455734384	0.365485
1.5707072937043591	0.75404
7.8947711417661735	0.758551
0.49935588850005524	0.513796
0.9502314194048255	0.636323
1.066434165020042	1.3421
4.096940408066629	2.4002
4.593684938962199	1.98704
2.455538521567455	1.6647
2.6509044051658743	1.27157
0.8023575022267307	1.17766
1.8481574714387201	0.947183
0.6235962566911841	1.38357
3.6740101923560884	2.14194
2.30127706486828	0.318942
0.9187310919741624	0.705653
1.1872700334268858	1.18872
0.9033165849856452	0.877691
7.882284117421202	2.66187
-2.068626926116229	0.310856
3.0972277384348588	0.935727
2.2972866604231044	1.33685
2.1533687050269754	1.12738
1.5813384092117593	1.50513
2.2812826488775633	2.56539
1.0146253950183477	0.919769
1.295855230588573	0.736813
9.53785219991139	10.1963
1.7037235195886522	1.05414
5.760193172743149	0.903286
1.2208841056905333	1.32656
4.7621106332444745	3.08485
4.372208615198004	2.22005
2.8207676531808556	3.5126
0.20953684107711204	0.62662
3.374772928362684	1.27157
0.35611809737674927	0.568826
1.6244042463599644	0.722074
1.7075955990940659	0.280409
3.5982183078232337	2.63157
4.422722878207041	1.10578
1.290348840599819	1.22951
1.1826270569174144	0.58516
5.773575652025861	0.740818
3.0121735823507283	1.0135
2.4026340210604906	1.3421
8.736242096284276	5.59954
0.930256006304562	0.466074
3.8221165044130414	1.15288
0.7830631784785935	0.97741
1.7016460089786227	0.452143
5.4783887261058535	5.71779
12.32373836934061	0.649745
0.43397892429699464	0.57843
0.44487566648983573	0.319985
1.1625585565988135	1.35526
-1.092542687625069	0.970794
1.216619504697284	0.913065
1.935574988791802	1.41215
5.433680952129762	0.698286
2.4984449371780113	0.204845
1.1239847067606414	0.651066
1.487764328050584	0.998091
7.024496799262105	11.3814
0.8761071422898615	1.65779
0.4544457569127018	0.341626
6.347721335722122	0.799579
1.2506571944905929	0.719234
0.2866750983969562	0.878338
1.2084590215164306	0.858671
2.8167955394340867	0.515165
8.715292376395787	2.5589
4.416425176398645	1.51132
1.4352174404021056	0.514909
7.47607222574168	2.50535
2.6664415305965696	0.217852
0.6447034092652805	0.57843
2.036161803342837	0.715799
8.732821606841021	4.46428
2.4898566717917965	1.19988
1.6506524122127355	0.51015
0.77500953471842	0.348896
1.2174065739689317	1.41292
1.0996059106423677	0.742095
3.0457169556367387	0.431802
11.507776631323646	1.96139
8.457950991551435	3.77836
1.2894283556112602	1.36862
2.5546451295165675	1.83489
2.0047750469411607	0.955573
2.0692180542969343	1.4502
2.6862731172823016	2.2773
2.372977336446024	1.66342
5.546574869268451	3.08485
1.1205373359700719	0.717326
1.5069719442893716	0.903286
1.0318167433915417	0.685038
3.816511224082596	5.63761
1.2633818548373303	0.752785
0.9520695998519965	0.640444
0.6938561388828831	0.704838
2.131364209754762	0.811941
1.9514804054574821	0.542781
3.2963823595273287	2.97355
5.218229661243993	2.12747
2.4651673400181973	0.96011
759.4734521560022	3.41433
2.2459722988973847	0.465907
3.8505612410469015	0.945816
1.4073428351647959	0.690843
1.5030224561787033	2.14194
-3.53832987654971	0.375454
2.066693171150277	0.567729
11.176329586773377	0.95879
1.153345913156561	0.583834
1.9959347112273156	0.966076
0.1682913693181402	0.901916
-19.706415665399152	2.22005
1.4124857845000478	1.05866
16.611102114817832	19.3431
1.8348974938378688	2.1675
0.21461855671213736	0.434508
3.882088954477991	0.700654
0.6990667935174979	0.883508
1.3278345461903491	0.793811
-4.732947305516238	0.370566
3.533628683269869	6.17937
0.9796239910015873	0.900892
0.6929925472910637	0.697777
1.9664646312837448	1.26679
2.5272516520652575	3.94085
4.069301541934111	0.674652
1.988844701464681	1.4502
0.5587007807491371	0.348896
1.0708239746501127	1.19279
0.775746043333392	1.09067
7.869150220594506	3.77836
0.18622755282889195	0.269877
1.1164668640825348	1.27801
0.9379209260402585	1.2512
1.2264482623967947	2.04873
1.738081675648615	1.11202
7.552983112944923	4.8525
1.1253047437326842	0.794751
2.2956268230579333	1.21397
0.6305570639274289	0.429002
10.870311340446026	1.08691
3.7390706361359167	0.505454
0.4862581225175477	1.16088
0.893331547060832	0.364001
8.605864393252693	2.80325
9.707548920747746	1.2512
1.0275664463138545	0.156503
24.000474613128784	30.4844
1.5097272205036179	1.71723
1.6626022070790132	3.19911
2.602481974351683	2.85404
0.45407000070250136	0.255874
0.500414844552658	0.968082
0.3255345217933543	0.40844
0.29250717107338114	0.657879
2.781299198589908	1.52279
0.7017593210578369	0.669216
3.20836242036228	1.16157
21.0446637995393	13.7122
0.9121034565513119	0.807032
3.597740993511985	0.732661
3.002293651477862	0.434846
1.7275888255753835	0.663998
0.5656178173583772	0.307741
1.5238747150808962	0.578541
1.5998707386541475	0.680649
0.46116396422640077	1.56565
0.37660423867331116	0.726716
2.238673257005038	0.893474
1.2460273428440396	1.09067
1.1694614002357164	0.483696
0.7880352487671289	0.671022
1.2702913617670126	0.704838
7.477340475659906	1.04433
0.99957632107349	2.69339
6.059996575111933	11.187
10.933177019321937	41.7618
1.7846113646257564	0.711588
0.7035607368903385	1.2846
3.8030836410495934	8.24672
1.2331913016133544	1.2603
0.8087064041912907	0.479573
1.9484549200378416	0.793811
1.259582078665816	1.29642
10.194168553021566	0.565903
1.9604183851671657	0.811941
16.20963099476502	8.62294
1.3382235835590686	0.577895
3.0479328672432766	1.3721
0.7991884466503328	1.09766
0.3496386715408023	0.514909
-0.9095121659177549	0.441505
1.3846409775572321	0.50672
1.7985022636248325	0.897071
2.9255741456898705	1.58249
7.9949274015917755	4.3721
1.8122542066134177	2.15624
9.73834257478487	1.11202
1.0426799494224357	2.87864
5.969703669560702	8.24046
18.552001666211606	23.1314
2.051064166839021	0.90921
4.866318403041021	8.22879
2.384248128639496	0.892479
1.0282440206039491	0.753161
1.2030674572468802	1.04546
1.1381346121645948	0.608269
0.445963111474684	0.396929
7.003662206037199	3.2311
1.0025781559875528	0.450211
3.0533264673315124	2.49563
0.1844114041148793	0.567729
5.6357230236245055	2.95872
5.876102297495912	0.44524
3.3174621010112495	1.43404
1.836934721098478	9.37573
1.783212310450458	3.76953
1.1871195968207764	0.58613
0.9587271374935591	1.19698
21.903886259455426	26.169
19.409097132569276	0.220299
1.2808653639087748	0.997226
1.1216963148031514	1.77476
0.7604768030535707	1.27332
0.2667499560015293	0.698286
1.105485949002995	1.20301
2.178996598782272	2.24472
0.8141165464445236	0.857598
9.35531807358689	4.58889
4.278965143299392	2.06607
5.690149291133416	5.80748
0.8222848276944655	1.35416
1.3426510896144834	1.86509
6.140400678676016	4.83438
2.701728202872743	4.55869
1.326071133337165	0.532132
2.4820639725063907	0.280409
3.93883346536983	5.79587
0.36879949108839605	0.457601
3.9403992976413815	0.671022
2.063056015033772	1.29553
2.5243569388383373	0.358026
0.5664811145772108	0.50672
3.486322928039627	0.320803
1.453327521546878	1.65648
3.546720015062058	1.09766
4.639576034903757	14.4305
-7.672950099837593	2.38694
2.0754562539966064	0.989105
8.63280880752118	4.94618
0.5973501937853429	0.384123
0.42989417857531237	0.734703
0.8691833555377705	1.09735
-0.6526333887374525	0.678028
0.7501824057277913	0.499022
8.811382131111001	4.45363
1.3680190074239436	0.963705
1.6850585132167455	0.737767
1.2155120909439412	1.65648
3.4929228114646484	2.00915
0.6306007602160201	0.855709
0.3776355892491075	0.498286
1.4677977671323819	5.79587
1.7154522595802022	0.920737
2.0679330500123005	1.14622
2.4990260506083644	1.92261
18.355719212647244	2.08928
1.3153525306136917	1.53669
0.8419508253022261	1.39055
0.670991312119792	0.468326
36.444036382222805	21.967
3.267449688822262	2.564
5.012519034917997	2.4002
8.554936286500514	4.73522
3.194737585816424	3.30476
1.3228539507044808	0.568826
4.437684629400254	3.6589
0.2380852559428728	0.280409
4.357341934219701	4.66337
6.5642147657778995	2.82865
5.268592865486656	2.66187
0.8165111609268897	1.11201
3.4897361979379204	10.2122
1.4316893774113564	0.431802
3.040633278816284	0.539846
4.1722641062699575	3.55157
1.8419045927619657	0.742519
0.6467068584919243	0.456335
0.5596591019085002	0.441505
1.9849104681264358	1.04048
3.530291961202748	3.64503
0.578870801277507	0.468147
7.323478824037945	0.48701
2.184954183176068	1.27341
4.9547487954965685	9.24573
0.8186481928863699	0.773786
4.535342086969329	0.698888
3.2598132674077185	1.03514
0.7011357348962205	1.01127
0.34728993725816	0.740818
5.046227492228831	0.696629
-1.6382603964282916	0.807032
1.8002685590398781	0.737767
4.48294439988856	2.69339
3.5947246920163947	1.11275
0.8740023856209511	0.455652
0.7542159305169966	1.02311
1.045623762063951	0.695961
0.8595777267588098	0.685206
60.74646474783142	1.08691
1.0297308652463386	0.657431
4.641258182928381	2.92333
2.967358697450212	1.53669
1.3716245033905505	0.878472
1.6294459111896038	0.583255
0.9609289493918095	2.4002
-3.6267805276075586	1.28459
4.555288172816546	2.00744
0.5372588139085048	0.805272
0.7985451537919297	0.952354
1.067583699857154	0.947183
0.7506400327813909	0.605333
0.8208398851222577	0.488884
0.7663677708543825	0.998091
2.9469838419816923	0.604612
0.6405026291927458	2.52153
2.6165172042903375	1.31601
1.2309786223172294	1.00926
0.40414351448354835	0.58613
28.911500600700517	17.4243
5.328403230509883	1.10578
0.4435602192302363	0.305155
3.3202348407610054	0.677442
3.443315556897525	1.39055
0.9758536958631276	0.365485
3.3608963072220317	0.79417
8.408040371084862	2.43765
0.3372104034221729	0.429002
3.1101642056140366	1.86245
1.7562051437190414	0.414278
1.30582630309637	0.476
1.8437829469294686	0.952933
0.4367857236505533	0.583255
4.850813909818742	1.66293
3.653544427593559	2.80619
1.6061897728678691	0.698888
4.33330976200193	7.37182
1.1035093401096767	0.924227
2.643438376021448	1.66483
1.0374215337117063	1.30776
2.2359491647173817	1.50513
17.102612014419314	2.72068
0.8229379223519484	1.22906
2.664987534142166	1.38639
26.532594153370955	5.79587
4.021692949982351	2.74056
0.6785239292710671	0.841705
0.797876352066026	0.752785
2.412214002349763	0.830234
1.1745963306864997	0.33879
1.5320517400235156	0.832114
1.486149366402984	0.66092
0.34524794133490133	0.720634
-3.5591686535533835	0.255874
2.116229606832997	0.700794
2.9485645951479724	0.640444
1.0247338916040545	0.952933
4.094133283962036	2.85404
2.96938288229415	0.587077
2.6688997064729665	1.66483
1.3854980592014525	2.12747
0.3215734134450984	0.608176
1.4547778850415976	0.58613
8.531073744289548	3.14745
0.7373918542940701	0.636323
1.2681562213075566	0.446546
-3.349657587949239	0.70409
0.40919681268083935	0.454415
1.8919613295894122	0.794075
0.7805576472089165	0.909914
1.6699527422048193	1.46218
0.49323518577949255	0.616696
0.4310917535360694	0.503065
1.3798719529674792	1.2489
1.4092872700009993	0.701922
0.9289403485286982	1.45014
1.1017961306964859	0.434508
1.0170609347433672	1.37254
0.7441938152047066	8.24672
0.919912062470439	0.399515
6.514306271474267	2.8659
2.6034165005488625	2.22923
1.3250031571429115	0.632916
0.5365670210804797	0.726716
6.9665693200566245	5.63761
0.9695733701832155	1.25013
3.6851474969581046	1.27419
1.629516944636441	0.616696
1.268807824176874	0.792273
3.3301887306851885	2.04873
0.7915030668009637	1.27709
2.1874830906003564	0.858671
2.2685459660876828	1.08904
-0.450024516791085	0.334642
-2.3602776463200152	0.378666
2.219911296582469	0.328828
-6.517103743123314	1.02961
2.5534727385953193	2.02938
2.047370584200926	0.604918
