1.6564074075571433	1.66293
10.141248744955423	6.20716
0.16488363131438175	0.371711
2.027667213215054	2.97355
4.25751562217462	2.97355
0.8629209830009672	0.669216
1.9467495585863623	1.20301
-6.2345277268197075	0.944878
0.8886821785520662	0.602973
5.4075703280412135	2.85404
1.8010178718307925	1.16825
2.4550716668310577	1.2518
1.001776120316783	1.89866
2.0707515815922957	1.02961
5.077141061067492	0.630707
7.1027227373437025	1.41292
3.471836606400025	1.98704
1.5539340656673162	2.33635
3.4865025151167717	1.46218
3.0907088560765965	2.95084
1.3932950558213308	1.16088
1.3841102651208441	1.09735
1.0938693579892709	0.84236
3.5398890275012587	2.04873
10.20755554712919	3.97353
-1.337785728338364	1.2518
8.636168790884145	5.80748
2.939598058823043	6.02802
1.2329004146175413	0.967614
4.95818944690877	3.30476
1.226396753835552	2.3008
-0.23212039845273938	3.80694
1.2923958882719797	2.31197
2.691423345831343	1.48145
3.7782033922723963	4.46428
1.4916896393709098	1.5099
-3.1017703968083365	1.01856
0.9283516366165717	1.35333
7.314282508701888	5.94591
4.339687383047396	0.682495
5.280829912879986	0.720227
0.296494032216836	0.684004
1.347169882524888	0.600214
0.8910870491440553	1.27419
3.5204932047506206	0.854996
35.14896548347082	34.9262
2.8253740940246166	0.981288
4.087778200971402	2.26477
0.6093630713110234	0.513796
2.264619181822132	1.29553
2.299528125746977	1.6647
5.473783275820887	1.58249
3.687266851408966	2.38694
3.6929733337659862	1.89084
2.1041424211220647	2.15624
6.464357456948221	5.51669
20.400841848652824	1.89377
4.804011980889892	1.92559
0.4371438258417497	0.50672
0.9870309540942134	0.91377
0.7842291998068386	0.793811
0.8632794618299778	0.704838
0.63730326393978	0.79417
0.42986100919038595	0.427994
0.13157213867091413	0.502772
0.46991064095392415	1.3421
3.3394142235111377	8.752
0.183283452032121	0.90921
-1.2159093684124207	0.263883
3.218367994547031	1.36862
0.8205831027712975	1.28487
0.8353165463640211	1.09744
2.063612758457688	2.24472
-1.2716965987484115	0.442463
1.8707104777280683	2.12747
2.282632423867455	2.56539
1.4470772357088988	1.531
3.4860344699736663	4.55869
0.2614798610253504	0.431899
1.4868106104337544	2.29782
0.9219205036613654	0.796135
2.034278024372726	1.97629
0.7223006712338818	1.06803
-2.5570671130724936	0.852677
0.44432963845611223	3.08485
9.528583044634264	18.6732
-0.3098819890989228	0.897071
2.3588351222931543	1.36215
1.1421767459630823	0.542781
0.6575649011701807	0.273386
2.2236223968445215	1.18872
0.3533316446057356	0.50672
0.3246466315701369	0.35827
4.183905170075686	2.52153
25.977908612476156	27.791
1.017605164186995	0.42007
1.7049899832404471	2.66187
9.978001537043024	30.7644
5.5331789483714875	3.30342
6.139225249213981	1.74387
0.3711894633886258	1.19279
4.601861399134226	1.47458
0.16784252112282838	1.92261
5.031214914221014	2.13289
0.667817785328686	0.358704
1.744364700192341	0.75507
0.9962455565712653	0.58613
0.7853799385866115	0.796135
1.4813226359938485	3.89227
1.6974745271217362	2.32946
0.8807628962666908	0.240687
15.701273076866395	1.81447
1.0026138720992586	0.557922
0.6597806619512964	0.99832
0.43352588792555524	2.6122
-0.27532496986933414	1.22263
2.275229730572267	1.35052
2.4013395392832177	0.255011
1.3169259959694897	1.38357
0.06678491888048599	1.22867
24.841306851439146	6.58636
3.1605884710548278	3.44521
1.2893102514122254	0.740703
1.0135701266699266	1.30776
-1.7794140111679793	0.50672
4.555656142937781	2.50535
3.022134653220277	2.25041
1.0870235997057833	0.464235
0.22558686946165019	0.775028
3.3105753418414947	2.22005
5.774334407162006	3.35213
0.2382400355844685	0.363249
-10.637409226084705	1.28898
0.7713262824843756	0.75507
1.1824853318388056	0.660368
1.524566764765803	1.19238
-0.3232983718110239	0.451995
1.563924497422415	0.947471
0.79225402567015	0.944593
1.3893855577700338	0.719234
1.8352841491572973	0.944593
0.5350808107025002	0.557922
6.3240618590882365	2.38694
2.9898563885043608	1.99567
10.618104710913242	4.74257
0.8837973101544196	0.705031
1.5500688123313922	1.56569
27.45266424804325	18.2646
8.048315872232974	10.1963
1.383578635248506	0.967614
0.8840130414809869	0.963705
0.6898310482671149	0.442366
3.542021670278755	1.6876
3.6710491338092988	2.32946
3.6790047206694894	1.31041
1.1893810379259686	0.420784
1.336529899330239	1.37254
4.901994960646863	1.89377
1.9081355294169728	0.500253
1.5689389942519107	0.228312
1.801415055628834	2.00915
1.7720586242416645	1.01347
1.5511529482708994	0.50575
0.20583747900382798	0.494365
0.6749023446970107	1.00573
-3.936500938501119	1.16585
13.12069068525968	1.97629
-0.6934592691930352	1.97942
1.4663707882454433	1.50476
0.8407368759318555	0.855709
0.7101183940894957	0.405616
1.8759497094113244	1.29553
1.2398095998166347	0.63293
0.7876152284546399	0.865709
1.2537023644816607	0.636323
1.7713589623013741	0.740703
1.7078783062327152	0.697777
4.961564373103278	3.55157
2.526511717050627	1.49409
6.985936663339617	2.06607
0.6268415236347252	0.498286
1.557815031112643	0.665483
1.3205654604920782	1.19238
0.7517235938387892	0.854996
-3.347061385066937	0.909914
2.6644718547889172	1.30614
0.6463127602933256	0.491988
89.17084762968187	16.1072
1.155537830216442	0.583362
-0.5685549126044805	1.01234
1.2665925533734144	2.29782
1.1063814176206932	0.50196
0.5765279351746045	0.999589
2.2392309594187747	0.540018
0.7104628990202042	0.947471
-0.272257171620311	0.514909
0.7292221734858518	0.698888
4.844023227565765	3.76953
0.8729483075441603	0.909914
1.1369018191608922	1.2297
3.251001107597749	3.70973
0.9722627657796495	1.70798
4.226870859557019	0.487274
1.0242594617557528	0.925765
0.2920377515201622	0.579473
2.885833652638513	2.26477
0.8431461460862134	0.396929
2.348778666718669	1.35341
-0.07118460183795368	0.515165
1.6056527764740975	0.672946
-1.21409099802427	0.495175
2.150897762272317	0.593742
1.709791836555435	0.599968
10.502548737259884	2.63157
4.294723886251095	8.05862
2.7495765750158796	0.838487
2.6648349433268796	4.25726
-19.530036291772642	10.6971
1.2821863883032671	0.952933
1.3100770194210098	1.62175
1.4016308917839442	1.28898
0.2908006816326038	0.672073
-1.6681974470575491	5.59954
0.9781699126034074	8.24672
-0.7977752307839039	0.427994
2.670348209923108	2.34043
11.013819446800614	5.63761
0.5608465595436783	0.604612
0.9676864722474037	3.10226
1.7507287169890973	7.57406
1.271903878647016	1.2518
1.4693177554771262	1.96637
1.0844808428024793	0.665483
0.8540609428970617	28.255
0.5676500147536836	0.231404
3.3335100384287983	3.77836
-0.5233854654631699	7.53902
0.5556790001539513	0.494365
3.251158161949895	0.296649
5.231895620788975	1.50476
4.339831259684469	0.989261
5.538163760280519	2.3008
2.67355259316076	2.4002
0.511502720146364	0.63293
5.319420184118828	3.30476
0.21221683985659412	1.46218
2.591736331040352	2.06607
1.7153932331399198	3.5268
0.2510347851412297	0.33879
1.2209938785983714	1.77476
0.24735137888831488	0.763063
1.0458980574316656	1.47458
0.2043207574233404	0.329478
94.48456508457042	145.863
1.1943745748754069	0.396929
1.619424374745485	1.53669
0.9519894864511715	1.08151
10.575935908037927	2.79355
1.4325184757794223	0.865709
2.0825848889712066	1.60955
3.48226380620967	2.51086
1.489116767820495	1.67497
-0.4271484592246712	1.46218
0.24571010374910376	0.280409
0.2963864643866736	0.231404
2.30856678733733	0.871621
6.570692022327275	3.76953
0.6959374239643472	0.4083
3.0570162185478806	3.42082
2.109673879398691	1.21397
1.3481207237472639	0.619372
0.6693602641357057	0.697777
6.610449400022456	6.54027
-1.2314151777494653	0.984821
2.5678138139491464	3.42082
-0.48732154186949406	0.338029
0.8963813740710296	0.568483
1.1755614334707902	0.90921
4.323958755139625	6.31622
0.6983186522487923	0.22039
-12.155937031589156	1.60687
3.3216201797794054	3.80694
0.38061792472354067	1.36862
0.4079777633834928	0.561781
4.086528006148241	2.56394
9.380530790323252	1.71723
0.458708637542352	1.3421
2.5344225182122515	0.774765
0.7320389691545028	0.608176
3.758798393276266	3.44128
0.8779948706020577	1.31244
4.258864164557657	2.13684
18.994309915462736	11.3814
0.8023672205553768	0.501975
3.6532422638938744	1.18072
1.2978076069370763	0.102269
3.381976468349737	0.878338
3.0259351060416844	2.32946
-19.706348594527586	8.83471
2.511540140269058	0.307741
11.663577530893985	5.59954
0.4941238066294813	0.967614
18.26336887711851	16.9225
0.764073338986591	1.28487
1.5080365168623053	0.688963
2.304304868681452	0.866754
1.3538325699449485	1.16157
-7.5013724317623955	1.0452
0.5834143494913908	0.799366
2.3202076498306567	0.75404
4.266950788622376	1.60041
32.888767281747455	7.38786
4.713351774589828	5.31986
1.5468922243264354	0.680649
-0.07764534083792703	0.95879
1271.9848199070107	112.324
-4.663144492808119	0.399515
1.8421909440472763	1.18872
4.803325733804119	1.95012
-1.492998281560745	0.502772
0.8966359325493592	0.577895
0.12184427587662508	1.35333
1.3221619355816132	1.36215
0.6293089687120123	1.21397
1.5330773713171588	2.02938
0.3208203450889531	0.446546
0.5870943400361771	0.732661
1.1826795712595064	0.487274
2.199484747746198	1.25229
0.7367512331495698	0.935727
0.5384860143951198	0.758551
-0.12694726327745906	0.255874
0.20217836330738667	1.96637
0.7398984943363146	1.05866
-3.4287454497951173	4.73522
0.6352701746198078	0.793811
0.6472639424422809	0.602973
-1.590788610813201	10.0936
2.7802144329627185	0.642663
0.6991196367952837	0.608176
13.725305958494404	17.4243
0.4771775634085627	0.785827
1.4680434584372068	0.775028
0.44610425405485266	0.22039
0.9836973701461715	0.808169
1.6305041195890666	1.27419
1.0339819370029242	0.697777
0.6423466339655494	0.817153
1.8797002677516967	2.00915
0.6980510622714177	0.865709
0.7264027726751656	0.501975
3.5246423018349193	1.33282
9.708709268877593	8.55637
0.5773736195260369	1.01347
1.6274350976884067	0.682495
0.8516244491829557	0.449507
1.122226499661931	0.998091
1.87363960690821	1.59465
-3.2813735474605856	1.60041
1.6920084529812702	0.86388
-19.713388258898522	3.36536
9.213352056661128	10.4211
1.2938451941712132	0.878338
1.446748390743518	0.446546
5.713121958359957	3.44533
1.694836768766341	4.83438
0.37944578408758584	1.10017
2.018851578808651	5.79587
1.9200541933537036	0.50196
0.6244286587958812	0.586948
2.4201621744985777	0.742095
1.351209516061777	3.85813
-2.257223923105311	1.19279
1.0034263617915975	0.604918
-1.6748037572013308	2.62631
0.6013119859596977	0.329478
6.586155148026081	6.31622
0.5275980421442067	0.757555
3.757894672643957	3.84639
5.050406911575819	8.24672
0.8235621289697136	1.05414
0.2994346704152646	2.28156
0.5594980327069309	1.66483
2.1611967210097953	4.47701
2.3504384077472262	1.39055
2.8635163674176423	0.877691
3.6333463552997154	0.467637
1.687570841462618	1.43404
0.4369969345133266	0.669216
0.756578346239317	1.39055
18.511492064457418	29.1164
1.8576690397471523	0.944878
4.14376368866661	1.62175
1.2066278486862683	1.39055
0.29355521453476474	0.171455
5.87892068846098	1.17781
2.1310674027478536	0.48701
1.0175088401116816	0.883508
0.7215737140934267	0.817153
0.9592809894191027	1.20301
0.9617728258310011	0.33879
1.220630814170863	0.540018
3.3149707334819136	1.24116
9.440389892511572	4.83438
2.9471691427274442	1.08108
179.25236113686032	41.7618
0.47460250182403163	0.657879
-5.311426367690165	0.42007
2.271295540114922	2.5589
2.536682364834927	2.61935
0.6435175442795079	1.12573
5.09524265855877	0.273386
1.7014986881196978	0.944593
0.5499679709924697	1.08108
1.0859140904612772	0.86388
3.07845074917224	7.57406
1.1783929044572563	6.68551
0.9677796502396292	0.513796
6.936529312216144	8.24046
1.495603116433931	1.14464
1.1603511784869507	0.963705
3.7867847661836733	1.27012
0.02685877193748575	1.58249
9.58711857305429	3.97353
2.3088318579199076	1.31244
2.5871827514893764	0.742095
1.1015096849812573	1.28898
-1.0195475103281484	2.13289
1.303797273942062	1.59465
0.7042021629836192	0.605333
0.9498007699182468	1.50476
1.248616686378226	2.25629
1.533868998311695	3.35213
1.1096886537574848	6.74372
4.004606602575474	0.738759
119.92709748490735	45.4647
4.9777245262910395	1.6876
2.088764770567476	1.30776
0.34752803754866335	0.40844
1.867182854660912	2.03547
1.78135334286217	0.638342
1.2791857374715914	1.77476
-0.10560613659553364	0.10961
1.5978044701944794	2.69511
0.8045174855651807	0.494662
1.7498366530253708	2.80325
1.62607370212259	0.632916
2.0583597088170835	4.55869
0.5049786086123619	0.661004
0.7695066007521554	1.62175
1.0936203142973235	0.467468
0.4136781046870104	0.466947
2.0702395707547487	0.96867
2.050023743002928	1.27526
-2.4058247260127974	0.905358
2.315239867848795	1.63987
-0.7361393230549137	2.5589
1.5957473224378984	0.871621
2.4352188094288088	1.49409
1.877955367985487	1.04546
3.081376273353678	0.853278
0.33366828069381416	0.85681
0.33159012189686243	0.537819
2.5186123820077544	3.08485
3.8077537421816925	0.092309
10.29214914932329	-99.0
3.3949699091046983	2.04927
0.4378329655148611	2.1675
1.003128936927672	0.785827
68.68787689587637	99.2958
-0.2110618516750069	0.847534
1.4587756533122846	1.66312
2.153800783576946	1.85003
5.253961483181838	4.99158
3.4320143872432376	3.47118
3.1807730572193864	1.84528
4.824522302574577	2.56354
0.39159582322273884	0.578541
9.200537550061702	2.76894
4.200036841376156	0.638342
6.002851678482085	4.58889
0.9935716207494266	1.11201
0.37224271977501144	0.695601
7.470417027257615	0.967614
2.3412488232149613	1.28166
1.3725590740103295	2.6122
2.175530563953191	2.06607
0.9000529722527746	0.935727
1.7655949546945002	0.768433
0.9449739459604601	0.678028
12.436328012161509	3.39527
0.43838457341340664	0.947471
0.8872604735877531	1.57843
1.526901263661912	1.9838
1.9109402781135318	0.940852
1.5295440550022958	1.29553
9.465943851255213	11.4732
1.203599494584873	8.55637
0.8354430578998687	0.681857
-0.07757580359722807	1.40807
5.351372677967797	0.878338
0.9242940684901172	0.773786
2.3102474159362494	2.29782
2.746647074433607	2.95084
2.484292891689181	1.20375
0.7147938368897233	0.465907
2.150699935665184	0.498573
9.075057614433149	5.34158
3.3311367284903617	0.854996
3.1058331234846714	1.10859
1.3699471002681531	0.430631
4.511730875488422	5.58977
1.149976899816757	1.18872
5.650253365691779	2.28156
1.561923422172459	3.24516
1.2063048863914936	1.21397
3.8634635063780847	1.29791
3.3869676449877804	0.902731
0.17046072960873687	0.725237
5.959451909401476	8.05862
4.771905982469283	3.1494
1.047389425034099	1.08904
1.0748424189946522	1.32656
0.22671065742692947	2.31267
1.613886077190246	0.690153
0.36067890168330835	0.678239
0.7716994549355568	0.616545
0.4119570823694229	1.22867
0.7527249617745624	0.449507
0.9478038049201866	0.657879
4.2957151300806915	8.752
1.2964008820556838	1.54913
11.872179130040086	12.8294
2.1622542228603754	0.821628
4.701993214341772	1.96139
2.513879566501176	2.58745
1.9309168211182897	1.34422
0.11806518498717557	0.375454
1.9378424890433568	0.947471
1.3490537936821476	0.579473
1.2460646587487256	0.715799
0.7995413892765798	0.90921
1.8775998500598936	0.757555
0.7068875810779118	0.263883
0.17071638792254723	0.350369
1.4190553996938817	0.495175
-0.9885709679556138	0.350636
-3.2960524085536798	0.905358
2.6386322061146874	0.975909
0.6580333455480684	0.676967
4.182475616854926	2.97355
3.3109124433707966	3.89227
0.6909525857167114	0.70179
0.41740076788747804	0.775028
16.129247963371643	4.74704
2.154398637481309	1.1001
0.6429430327263977	0.642663
0.8322889018805743	1.06803
1.5577849224698879	0.514909
3.022120769260995	3.47118
0.3779763028279606	0.269877
0.17157485688428376	1.02961
2.00810389061462	1.29791
3.3275872167748024	0.632304
-4.857915020935515	1.56569
0.8420598135152175	1.09956
3.714188479246449	4.9731
1.3959406571636035	0.698888
0.9279744334248609	0.822237
74.43315096273601	116.428
10.468262538651224	4.25726
3.2602096832157996	0.604918
3.7299452396665664	8.72284
0.5750165136412924	0.491626
3.2487255842566576	0.738759
1.0101778685111107	0.467468
1.673506677056116	0.601675
1.06115786288756	0.451995
2.9066340345622335	1.36215
0.8104851905136711	0.701922
0.8303168232703849	0.50196
5.546894913879775	2.29782
1.482456777726524	0.944593
10.129268819280052	15.8051
0.6442360393292681	0.660368
3.0937995017208992	0.878472
3.479586911628897	1.16825
1.0983791626910555	2.11101
1.8981073788488227	0.790721
-0.7642813498816062	0.968082
1.0164255939874527	1.61927
1.0654693329208256	0.659956
1.5217286545836852	0.790721
2.5046002617377265	0.761829
2.5121364043614203	0.955573
5.597272529941269	6.17937
5.196213284467814	6.63124
0.9513507565507097	0.494662
0.7323809539485058	0.451995
1.1226313687253349	1.34422
10.470127211921858	8.24672
1.069896643170786	2.79355
9.682829847460104	8.55637
1.0689577009329807	0.716388
1.4858095555684028	0.742095
-2.969950393421051	0.737767
4.49913103538327	1.92261
1.6857003773506767	1.1001
0.27948040793617196	0.225302
0.9030048447442294	0.833346
2.8241763610658004	2.00915
1.6097438825449621	0.47979
-0.4739113096335314	0.605333
4.369963689168083	2.01342
0.3665306893908808	0.600214
1.3599551019168858	0.763063
0.5807894619101102	0.697777
3.4355427897829514	3.53612
5.0621373562560015	2.14194
-0.2527088626666264	3.88096
1.1021670500462961	0.228312
1.2052741823496864	0.681857
0.8407803528400407	4.70629
1.5318013636562484	0.487274
1.6237753937662045	0.865709
5.199647175021185	2.00915
3.23447412101401	1.68018
0.5153167615350968	1.30776
1.8604174517937606	0.903286
6.086010823606892	1.36215
1.92504253481433	1.39055
2.878857424607936	1.85003
1.2967570114562013	0.678028
0.6953922760711367	0.878338
8.40247598814579	2.28156
3.1533630278749545	5.80748
0.4268970953238904	0.381888
5.43707208716614	0.513796
6.972398898399535	1.22263
2.5752150722211544	0.609783
1.154249945646272	1.27419
1.9700970729864353	2.03547
0.41687745080021815	0.568483
8.45840220215746	1.12738
0.48897590976047983	0.853278
-7.155914790033955	1.84259
-0.05926830806305429	0.220299
3.5467898957052006	0.421124
-9.169088308620495	3.19911
1.7900027151091225	0.909914
0.9155758337622368	0.690843
1.7260994005144665	2.26477
0.3287086294126525	2.12995
0.25551618167426005	3.55157
3.1485628426027934	1.25197
2.4508308376059507	1.41292
1.1807197642261735	1.3421
7.376030841219065	10.6971
4.245197574838994	4.9731
0.7980093716871044	0.4083
3.0529890516333658	1.46218
0.5580644281635048	0.605333
0.9058816708006201	2.92333
2.9437061196564316	1.09766
1.672815435665106	0.90921
22.87486057076515	11.6073
0.9549304924761199	0.695601
11.742155665332175	1.09956
0.0034543497159798026	0.416352
3.123376217126578	3.6589
1.0584134031100583	1.16157
4.5955339722230955	2.06607
1.176181248025904	27.3829
0.5937416293898282	0.623655
-3.415836943236868	1.9838
0.4553265465083981	0.166218
5.21619080937652	6.68551
2.0890358626925494	6.20716
-0.5377396921278825	0.341626
3.622047607248709	1.28487
5.3078852856951135	2.33635
21.050280909853985	44.9924
1.6776009262061145	0.966128
1.1968992133741294	1.2846
3.056229027395035	0.855709
4.128993588022759	3.89227
3.289563724366026	1.2518
-0.03378489884094628	0.966128
2.855987347058092	3.44128
1.676248307791608	1.35333
1.8552782232227787	1.25229
2.4498288342015124	1.14464
0.26700902627369255	0.225302
-1.3194466272786676	1.17781
-4.2076267329381265	0.806487
0.6853227462910366	0.909914
2.198571178457568	0.884995
-2.442211447143186	0.897071
1.8983765161213986	1.68018
45.97577760021073	82.0064
4.600881247311758	2.95084
1.1591627059629268	0.220299
2.74040025741632	1.26307
4.709688919362709	2.28156
0.926885710257607	0.495175
0.7723656921353209	0.40844
1.7495085182679015	0.794751
6.985594413920963	1.22906
1.3222664388098926	0.568842
-2.0934286966319537	11.6073
0.8052282728319421	0.429052
1.8742843917227154	1.74387
2.0194569863429677	4.74257
2.1348026613682536	0.925765
1.3131897068847236	0.796135
12.162501393607345	14.4305
0.36328543458140566	0.597734
7.330120663524029	8.22879
1.6849733402207763	0.909914
2.0269311871622047	0.33879
1.0378427491047542	2.31197
0.8484135878833323	0.473206
1.661901929362114	1.4502
2.6725095203926292	2.04873
1.2734402605912079	1.61927
3.8252415575129524	2.58745
8.649401222940034	16.1072
1.349782901967713	1.14622
2.0163676812265914	1.95664
4.805451065907252	4.24328
-1.1715153273281889	1.62175
-0.030836139522220068	0.724398
1.9093917803677658	1.71723
2.7790155706655892	3.55157
3.1837465243995333	1.79422
6.8070669066333	2.82865
8.19966977701248	15.8051
-1.6277214080725202	1.41292
0.7547901643415801	1.38357
0.843449145508199	0.797372
1.4077667066632797	0.785827
0.5573672048302694	0.866754
1.5689702203286597	2.32256
-2.5045108070132645	0.44524
1.2701067173702785	1.32383
0.9205619240268578	0.442366
0.9359334693015284	1.08108
0.6393618234048122	1.66342
2.975948185720878	3.35213
1.5142288950246985	1.1146
1.1060889137061072	0.255011
3.4276858761135207	1.09744
-0.025473590156274508	1.99567
-3.3725720446468985	0.569826
2.6659479042060377	1.41307
-0.8123489382802527	0.435287
1.202289919085566	0.637651
0.07721402789761368	0.569826
2.987896973996805	0.935727
1.0499822251099238	0.817153
0.5481719913671719	0.672073
5.781477485706327	3.70973
0.5899732714072582	0.384123
1.4366821574356765	0.720634
71.1685905494722	1.35052
2.595299514540509	0.682495
2.493960987372127	0.742519
1.9111511695849415	0.715799
2.0535744604955672	1.22906
1.255590927312788	0.604918
0.8949667291096759	1.33282
1.2309241144333056	1.05866
0.7182436958056319	0.681857
0.6256121414281469	0.338029
1.2300621297747643	0.919769
1.1984836626497408	1.32458
5.126839205893845	1.35052
0.3360839753514889	0.963705
0.414249736165005	0.228312
0.9211979646802237	1.10859
0.3468437068991563	0.289175
0.45890046159472503	0.320803
0.7234522637527891	3.30342
1.9323009042024268	0.79417
0.7456301594916472	0.579473
1.480205211774254	0.263883
1.6083636287124188	0.989564
2.53393125677415	3.47118
0.8890547366048761	0.690843
1.2529576203984185	1.2603
1.5768777258572055	0.63293
1.743855949902213	1.50217
1.1101539807212613	0.4034
4.684385898597751	0.583495
2.641004588865837	0.980173
5.467233413968855	1.8633
0.4247841115430937	0.269877
3.48349776395075	2.26477
2.346694720811599	2.58745
2.1473776173800956	2.69511
0.5799040700802999	0.75507
0.30450857469499054	0.464235
1.3421245698796247	1.29642
1.9229459172537362	0.738759
22.561891609534413	14.4305
5.0367821967328545	3.94085
5.074739216605361	1.20375
1.7669596741995701	1.61927
2.156220582663225	2.29782
5.478697876697258	5.73336
13.338840250861514	30.7644
0.35399060806171867	0.22039
-2.709327654350324	116.428
8.370260966843167	3.36536
0.8450629512220484	2.04873
2.9932883327849713	2.80325
2.159447597080108	0.763063
0.8763208603933585	0.695601
3.8328228677223426	4.83438
1.101633540778927	1.14864
-7.558429825577632	0.67496
0.720372869464201	0.557922
2.3599723106419055	0.853278
1.9499659423573739	0.538721
5.879811366895199	2.04927
22.85351667055288	0.687502
0.2020119348210637	0.676967
3.137482880976671	3.10226
3.280450809653614	4.01281
1.612070852094351	0.493892
0.1887332023322684	0.413978
22.167943334900723	9.24573
2.7340434258496815	2.29782
2.2444160732325367	1.66312
0.5622943227288738	0.853278
6.078619098903023	1.74387
0.27551904945244643	0.515165
1.7042046607185737	1.9451
2.660582922842226	0.70179
2.723274809529508	1.12738
6.753689786640992	2.12995
0.8683240989699458	0.675618
1.3006577549439304	0.775028
0.977985929921693	1.5099
2.903168877891507	3.41433
0.44874714785316655	1.02922
0.9359419045297124	0.737767
3.2643873960532215	1.89084
0.49073859980245427	0.944593
2.6033599301207118	3.44533
-2.57210550986465	0.833346
7.957819987479175	2.50535
1.0171037827639613	1.09956
1.7667361416152743	0.632304
1.3056543835092	0.698888
0.7075741242340302	2.31652
0.6072361637284495	0.42007
1.4026936410605024	0.952354
0.3262592440574305	0.578015
0.2364986512752484	0.333094
1.3457229662796608	0.768433
0.4029254292423987	0.467468
0.3370446665773806	0.263883
0.7648812954548899	0.878472
3.280627834447603	10.4211
1.434874828010282	0.821628
0.5437651966101662	0.565903
3.2938754935676298	3.53612
2.137087643579583	0.763063
0.7952032771895718	0.504995
2.8990451030139024	0.657879
14.084126115093353	0.742095
2.5022054870915706	2.49563
101.00877262305131	2.61935
-2.551152692739268	0.434305
6.722436288870138	7.61735
1.1341274934338805	0.822237
0.645172178761673	0.435287
-4.35421456134085	1.38639
80.07060631088066	129.557
0.14957451979742906	0.48701
4.954498024702851	2.97355
0.2350748085305715	0.857598
8.374444555096762	21.967
3.4885793249207384	0.568483
1.7343349557765357	0.836983
10.169451471524068	10.8284
0.9055282910120842	1.28459
0.6662945566413079	1.32458
1.1208020255288724	0.797372
5.651011154163616	6.63124
8.881655173255309	10.0813
-1.0399266061946904	1.29553
0.314295333989067	0.284997
1.478125890797298	0.805272
0.5543840740773676	0.70956
0.352666751571894	1.92261
3.3071490271209982	3.1494
2.1208021840408193	4.94618
18.917557603694355	5.16673
1.1564281789389537	8.24672
0.7006220902076861	1.39055
3.8170203731895707	2.3008
3.1131918423945604	1.21729
1.1356995214341372	0.854996
1.6333858107105566	0.738759
1.9144722782775152	1.98704
5.220449521679121	4.66337
0.4452548139060298	0.797372
-4.992754443090079	3.08485
3.0424065140530194	0.500253
3.60910532853029	0.681992
-1.3230308941890088	0.353799
-1.1289170035135054	0.941223
12.17133325813298	6.92251
0.8382193622010282	0.96867
1.2116504691831227	0.651066
1.029021952140905	1.26307
3.158043680468536	2.95872
1.334848370501319	0.269877
0.20562048721573822	0.628544
0.8198405473137182	0.903286
0.8900980387534106	0.681857
1.1503423404271913	0.540018
0.43344427109948724	1.09766
1.1967276747169227	0.934812
2.025727695240599	0.719234
2.3754287665060914	0.775028
1.2050329853479584	0.854996
5.740190175728188	3.47818
1.486810809585556	1.97629
1.4448301756026873	2.3008
0.46954635415665813	0.479573
0.5313844594557192	1.01774
13.312121904908718	11.4732
3.373105163905884	0.723678
1.2593473037450078	0.96867
19.821715903908053	10.694
-18.84979360392843	1.08151
1.2030270435853863	0.998091
-3.8352348960700926	0.975909
2.5784187635463582	0.695961
1.0153463006377208	1.32458
2.9605682536432925	0.998091
5.657804237386669	1.97629
0.785819283985898	0.847534
1.4957111680491364	1.43404
31.328529001516074	16.1977
2.768834599436573	3.76953
1.9343683054632688	2.33635
0.754938265979668	0.498573
0.6714738315443924	6.74372
1.1274630859536403	0.442541
2.008603088458968	8.70213
1.0300262314451567	0.659956
-5.99605047695876	3.10074
3.02551748007519	1.22906
1.1345761379063408	0.320803
-3.996683453269309	3.84639
8.727879190428379	3.41433
1.9240169235567384	0.678028
-0.9375130286135207	1.26307
0.4514369050365486	1.22867
2.0260966540162957	4.94618
6.1911841350646935	2.15624
3.944482262903308	2.13684
0.5712863535335417	0.448087
0.33095878486457686	2.6122
-0.055371338686185184	0.799579
0.5184758814719787	0.495175
-1.0156730361258335	0.464235
2.5721185106181945	3.30342
2.968799516759347	1.28198
0.48390388559200853	0.47394
-2.304204166850893	1.89866
1.1044308106380603	4.29577
0.7814959711508875	0.515165
2.062871302567239	1.97629
1.1312645507934165	1.02961
8.715953449380601	1.65648
0.7694994142617981	0.491988
2.937758470226391	0.878472
0.6176946869337931	0.63293
1.6939444123864833	1.18872
3.2931162094597783	1.06803
1.6831375782491436	1.53051
1.6695401866894388	0.365485
2.5742093827278167	0.947183
1.951163397588163	2.47857
0.6882889410957791	1.02311
0.3435060988566349	0.540018
1.954005543872898	0.654283
0.9322552417741585	0.567729
1.1956491369570357	0.415259
2.2612157588661947	2.25629
2.6737846089235044	1.85003
0.9157135031189877	1.14362
1.467956253617723	0.838487
1.6949139357269314	0.830234
-1.9596580683600373	0.644746
3.210826430149457	3.39527
0.4472519157251171	0.228312
1.616143308451735	1.08151
2.446870831775771	0.935727
0.6980761633305094	1.28459
6.428192570702622	7.53902
1.3524802082135523	2.14194
3.7373363732362113	1.97942
0.4286914197715989	1.31293
1.4375888218188517	0.494662
4.033315995372082	26.169
0.8181352342815376	0.830234
6.285875510152838	1.92261
1.602049620557347	0.83949
2.4945152809051216	4.94618
1.5258535076141575	1.531
10.456629684734272	3.84639
2.084986542148087	34.9262
0.9832354795934979	1.47458
6.822215552384299	2.12747
5.916506585654804	4.24328
-3.5022833680199215	0.601675
0.04749379169078047	1.35333
0.5117734976300587	1.56569
4.177923776348712	2.69511
1.6140211671359954	0.70956
0.6669709773418943	0.841705
0.9940773994168636	1.02311
21.814128094758182	30.7644
3.4539453792036836	3.47118
2.7926484737857833	0.893474
2.2798735180140937	1.31601
1.2773663573866212	0.720227
-1.8163469734100461	0.70956
-2.033364285663418	0.681992
0.22039286763907232	0.442463
3.020256640465744	1.08691
17.90200189545645	30.7644
4.537444254482043	0.35827
0.20830280265049023	0.628544
1.074712571781299	0.797372
4.757086434494497	2.92333
3.8942614992118476	0.821494
1.3243383338108679	0.698286
1.137313307962847	1.2354
1.553054664910673	0.719234
0.17179689768115036	0.502418
2.0588840866599525	1.14464
0.7607548465699623	0.435023
0.26762786406380484	0.263883
5.759002189172469	3.47818
22.380772235395995	27.3829
3.658105560223819	3.75165
2.0467925119056125	5.58977
3.0624811676418524	4.58889
0.8771892790262965	1.19279
-2.6796790714573997	0.568842
-3.6315105049262946	2.49563
0.7316464919969322	0.464235
21.901789562290247	5.51669
8.034375828454051	6.92251
0.5208682973745641	0.47394
0.5107851935767448	0.792617
0.19431016332131426	0.515165
6.813420763321041	2.01342
7.410189658619472	2.66738
0.545613524056689	0.413978
0.770241619397531	1.35333
7.646108491261854	30.7644
1.5882428436911136	2.62631
0.3717391807732237	0.435287
1.4702579493542758	0.434846
2.6167871090811214	0.952354
0.7656416615326846	1.01347
4.163667761115488	2.55376
3.4046209714238045	3.53612
0.5590811479571223	0.443742
0.9257434846263037	1.04433
0.6498456197228907	0.857598
1.475810082902543	0.95879
-1.7929855692275782	0.984821
0.8699340992598862	1.14864
0.4750640760372221	0.967614
0.5675369994323335	23.1314
0.44684599769140815	1.04048
2.1613410236493777	0.866754
1.7775121215325023	2.03547
0.7502702347065376	0.681857
0.6424466032941404	5.80748
0.6841058334851462	1.2518
1.0442867010102996	0.715799
0.67219292199263	6.31622
0.37845223208349	0.968082
3.793002991192743	0.231404
0.9751851637066059	0.913065
3.05820607745733	1.27709
0.8836782745679133	0.981288
0.7566935256788063	0.805272
12.623535137129105	15.8051
0.24737094664747913	0.434846
1.0625912420729333	0.720634
1.4505563620740292	0.518435
15.01673340147714	2.01342
0.22443071608374746	1.27709
4.12674339497567	1.86091
1.0795102118100353	0.479573
0.8017611558008493	0.682495
1.3271212926090006	0.396929
0.2453033183392254	0.817153
0.2829402279422064	2.15624
0.8195241678464179	1.41292
0.7627969373276455	0.661004
1.0498492392396406	1.06871
2.2542624823009705	1.12454
3.7506226231620357	2.02938
-1.4267636955858063	1.88461
1.1194867957423018	0.913065
-2.045400118496506	0.307741
2.3577445075809056	0.79417
-0.1994321747029903	1.60041
2.6442978251871927	3.35213
-0.6793867285212899	0.665483
7.082090127637912	2.03547
1.7554086526425374	0.231404
-3.009007191813362	1.86245
5.327802240371921	3.30476
1.644238395810269	0.730163
0.25884871172170965	0.681857
-19.597524247905973	1.76936
9.63930823399453	2.31652
5.0503417532595565	0.853278
5.558832623801429	1.97629
2.294596789337967	0.758551
0.6105628198401295	0.821494
1.0791394460185506	0.539846
4.018288697203146	1.22867
2.5109016728978095	0.946861
1.7193154237221664	0.879211
5.958886503440722	3.44128
1.2970581510432022	1.5099
0.7063039839677139	0.854996
8.61826893101305	6.02802
0.6712142525487983	0.532132
0.939257822385654	0.44524
2.0838648124472687	0.797372
3.369269794732658	1.50476
5.48886372126805	3.85813
2.9362262217027495	0.975909
-5.201877556053388	2.69511
1.7433237932017174	1.04433
0.8857137569480971	0.608269
0.7746317595066529	0.690843
0.6371809716106451	0.512372
0.3026406920318503	0.568842
24.70770062502449	8.752
0.6127061521756337	0.502418
2.2457058675697046	1.71723
2.280847892203412	1.11275
18.794010435650005	11.6073
0.8699614209937274	0.488883
0.5302216548245967	0.584737
1.668134585399149	2.15624
2.797089491549308	1.27709
1.2063893502903758	1.02922
-1.6485488562411172	0.578015
1.2010773292161168	1.47458
3.6459791457664723	2.22005
0.2647870825110189	0.77102
1.186928280505167	0.442463
2.721839599938127	1.56569
0.5879520011261608	0.785827
3.063922977078399	1.22263
1.1858559543634164	0.623655
2.9988462957075415	4.66337
0.6624507173046724	0.732248
6.356321466338259	2.38694
1.2356669885994194	0.742095
0.6810961121698885	2.3008
5.1601886767149265	6.92251
1.5737690005017149	1.08691
0.961556318482628	0.577895
5.252064386474929	2.50535
0.6623743735439276	0.865412
-3.8369584508480656	0.597734
1.2935248566000332	0.690843
0.6000048639500233	0.568483
4.490004639050588	3.84639
3.642246456543723	3.70973
2.583352511855945	2.3008
1.333904222788036	1.35333
9.866991914201577	6.92251
0.06292321110103434	2.95084
2.9175702345833496	0.732661
2.491813684675927	1.01234
0.8710339101354517	0.512372
3.8840105863684955	1.21397
3.9743081065931007	4.95381
0.3609014255287775	0.542781
1.996925790270874	0.47979
2.044207072984069	2.14194
4.702445439116496	2.33635
1.975975057606878	2.33635
1.4470014246092509	1.16579
4.413173376366706	4.74257
0.3559573928089459	0.687502
1.646543670122739	0.999589
-0.060951706175322175	0.488883
-3.9796437232958373	0.669216
-2.900579327286988	1.2297
21.274243812755913	26.1884
1.1638744711548743	0.992362
2.978354352820703	2.02938
2.221361669885763	2.58745
10.02048880139233	4.25726
-2.247724700252248	14.2237
1.0100617413650839	1.39055
0.5300619047762972	0.477909
0.7169426135533411	0.698888
0.6382204643721371	0.604612
0.6143527826887988	0.94426
5.145245142697437	0.833346
2.1888689665936396	0.504995
2.941363178336106	2.80325
5.674818773620263	1.96139
0.40880105497127706	0.701922
2.9341385202771217	3.10226
1.1220134674859303	1.77476
5.1738723281192724	2.62631
0.2561158768840769	4.24328
1.3410612988297332	1.2297
4.210667778365437	0.758551
1.6665574866940864	1.36862
5.238075539656078	3.89227
1.240512086871145	0.508087
21.118242490558714	1.11201
0.06831421223341506	1.38639
3.2885401968595946	0.924227
0.5812236736707079	0.609783
0.27096252061392145	0.442541
0.36570870265266886	0.797372
0.4694676224788021	0.597734
4.191569340260781	0.822237
0.20538995721541872	0.22039
-2.023719845851297	0.540018
1.1665744648565024	0.657879
3.4204112238022892	0.609783
2.7689119270943205	6.54027
0.819487942612457	0.700332
1.6239809184888332	0.644746
1.239412185657805	0.63293
-1.3271395021701893	0.442463
4.008586590960963	0.989261
2.6566261851806843	0.925765
1.283161392877373	1.27526
4.004668604948184	1.9301
9.937609064191887	3.77836
28.052075731121445	28.255
0.9919390410487613	6.02802
3.9811018595435677	7.57406
-4.308116698221279	0.375454
2.3594189666830347	0.678028
1.3842981372756704	2.38694
1.0345430134118556	0.883508
3.2093352290400845	2.25041
0.7839207487760214	0.33044
16.262235175776787	0.91377
0.30383420939627437	0.329478
2.130149721039615	1.05866
1.8817768220787163	8.70213
1.2355917256887101	0.394064
-3.1765920938195467	0.497972
1.6509490130702327	0.231404
1.7993659638790995	2.32256
0.7255669167990877	0.494662
11.203037070131737	4.01281
7.1263787700052585	7.61735
12.925040443193854	0.871621
3.2971732836528425	2.85086
5.547979719231961	0.578015
1.6914458086402138	0.672946
4.113989782401111	1.96637
1.0320029305344978	1.04546
4.680800950578823	3.55157
2.723431021731832	1.09744
1.8107512396466692	0.794751
23.145910164624013	10.1963
2.6407896485956894	2.97355
0.5706211925257716	0.790355
6.689310844566115	15.8051
0.7603539896763704	0.903286
2.1619361225168308	0.701922
1.110696606083033	0.690153
3.2360923246319033	2.66187
1.6130080038803971	2.3008
2.0346384149290295	0.375454
2.4278084116528054	1.27526
1.482344659869622	1.27801
0.45570767034180343	0.493892
9.456961863943356	6.61888
-1.213167486646213	0.672946
0.9333616879055272	1.01347
4.976868281359172	4.29577
3.056897104511107	2.68714
8.42724403541389	0.40844
2.603736784054171	1.43404
-2.119370802511337	1.00704
-19.65114804846996	112.324
1.2448181157873288	1.05414
1.9166325173741823	1.35526
0.917038736309547	0.900892
1.8179575244298642	0.678028
3.803133423091149	0.75507
4.655886350876912	1.83489
1.5679091181304297	0.568842
10.025117992570156	2.69339
1.5174987162097062	4.94618
0.5778732204677705	0.305383
1.8411961933854704	1.95664
1.2258671424313528	1.53669
7.453035855633611	30.7644
1.803450684965442	1.60041
4.449954295439585	0.919769
1.8997905273096451	0.637651
8.930545026189742	6.31622
-5.492992976313624	2.38694
0.8292652294201223	0.63293
0.4326389384562492	0.672946
35.79939047689106	5.78762
3.4179944632744896	2.56539
1.2953664018239455	0.682495
1.7797702033387843	1.06803
27.347384085346505	10.6971
0.5073024301413159	0.672073
19.67267911572037	27.3829
1.1140266669747947	0.67496
23.745779219755864	16.1072
3.82278992134188	0.67496
9.176281159808726	6.32744
1.849091532391408	0.499345
1.2277335907462747	1.66342
1.7336929622948267	2.14194
2.4716446689501335	0.33044
2.745496820385945	0.558753
1.213991914204117	0.284997
-4.1347786803405535	1.22263
3.993478358303543	6.63124
0.35287101823780653	0.365485
0.9185054703817969	0.540018
5.446048335879716	3.39527
0.8655377878269476	0.672073
83.9123149630734	0.981288
-0.33301213760090287	1.25229
0.5262455716103166	0.792273
-0.19114803783007916	0.678028
1.4309416021712251	1.05414
1.7644756808051854	1.89084
1.9927436100306632	1.11275
2.7824272470779743	1.62175
7.118539961556498	0.654283
1.5964494007937005	0.35169
1.208975230162203	1.9838
3.12252851925577	4.29577
1.6365233919797288	1.27526
-0.6429894014106683	2.92333
0.3483950154991139	1.5099
-2.1072830701433345	6.58636
19.142269511714744	30.7644
2.6512089956023988	3.30342
0.9065725539738745	0.719234
4.516184571879383	4.47701
1.053656734036195	2.25041
0.695581158550691	2.29166
1.7727586458216076	2.32946
-6.699168003818342	0.644746
0.5439329653290195	1.05866
1.2498777958500762	0.429052
1.7479146968872994	1.09766
0.4970568822365616	8.24672
0.8164778453316529	0.884995
9.808053163052213	10.1963
5.921108838243284	6.32744
3.540230693687641	3.77836
0.4856252168879961	0.431899
3.0624216211421875	1.19903
0.733937403276219	1.62175
0.7528288457492821	0.773786
0.9404669876934908	0.695601
0.7454750633863891	0.695961
0.3937796357745936	0.763063
0.7981021313301812	0.903286
7.955452498497885	4.58889
1.1617279294419958	0.488883
1.0853268836528536	0.597734
4.240600045005895	1.09067
1.1463681259028442	0.952933
0.837783091694825	1.12738
1.9928419694418222	1.22867
0.5277219725209609	0.681992
-1.607854862804467	0.584737
2.9077635245521747	1.01347
1.4726476145414458	1.0452
0.6848710046638724	0.431802
1.446542001421881	0.711588
-3.5274922433601774	0.897071
3.6459796149799284	2.31267
0.18983748349037957	0.479573
1.7813275695904172	0.557922
8.774101432439178	10.6971
2.0959118762360807	1.30614
0.4518714232861219	0.716503
2.6987189506383165	3.39527
1.0062608515907918	0.768433
0.6447562936063996	1.70088
3.0283768839093512	0.865709
7.25816417403942	6.31622
0.7594039582243958	1.01234
0.5473772910794508	0.790721
3.2539637733067335	0.877691
0.7706621772056261	0.91377
-1.9751637595179063	0.768433
1.0524140733072502	0.263632
3.01107207542719	1.99567
3.277923003841689	3.77836
3.524655343750654	4.95381
0.3013596944594949	0.479573
4.319401869694214	4.74257
3.0037286814288793	1.09744
1.2615047591672017	0.947183
1.4755411107779839	1.35333
-0.06293317632999493	0.289175
-4.304780247463282	0.504995
0.8107818569197218	0.805272
0.4633842530610831	2.55376
2.1622803712943566	2.34043
0.8730913956933708	0.61167
5.225548410842967	1.41307
2.2647121555471754	2.72068
0.7109939112081141	0.711588
-0.2741993183542234	0.616545
9.023896173400574	4.49664
0.8177910100268624	0.635626
-2.8046660197842894	1.96637
2.6612060266322377	1.00731
0.16727281115033402	0.4034
-2.584033391651539	0.931715
-0.43757977794561514	1.19279
0.13683013490456747	0.333094
4.406973686323283	1.9301
0.6830531837373173	0.307741
1.3320841312089675	1.47458
4.8607272124883805	1.67497
0.173397003416299	0.609783
5.258836145962445	4.94618
-4.891069190728657	2.79355
1.0375258909693852	1.09735
0.2530483437624346	0.343905
2.0705517593096623	0.732248
7.883056941201787	2.66738
1.7268403849636815	0.947471
1.2568485483491232	0.539846
-0.6415713731192649	3.89227
0.36531448532718586	0.975909
1.8638857549072567	2.66187
0.1780751783502229	0.422564
1.3770444251291458	1.09067
3.2523461763195396	0.77102
1.197965186872693	0.540018
1.7208616730991135	8.70213
1.345360950644582	1.36215
1.3316713881602558	0.70179
3.3848033536628783	0.903286
-2.1583704820941088	0.681992
3.015946035052829	11.6073
0.6247007547946501	0.358704
0.5072793121053686	1.40807
-5.975012745569342	0.680649
6.409538250037665	2.58745
0.32741212346227466	0.320803
2.9517127992989325	3.35213
1.4194275521364974	0.568842
0.6318130350860927	1.50355
0.08551956621815293	0.363249
0.25352443028643046	0.448087
0.6130422981001038	1.00731
2.9690743642080086	2.38694
0.0015163926796611697	0.955573
3.3574403676655717	8.537
0.5887761428193868	0.698888
1.2689821829736545	0.86388
2.170277127149262	1.20375
-0.4013553391884024	0.768433
1.3512472876289132	0.515165
0.4948563412414861	0.353799
0.9585541748590048	0.934812
0.7716093319827109	0.499345
7.752210076920704	3.35213
3.476914131824063	3.94085
0.659931765408097	0.720634
8.974517183154907	3.47818
1.4681955993349112	0.501975
2.0512836950567284	1.28166
2.245576437866112	2.32946
7.306029518464176	8.90898
1.172658054220255	1.35341
1.6203313421508998	0.984821
4.2504643111747225	3.24516
5.1360838098662365	3.89227
1706.3116925120432	129.557
-1.0910704982906285	0.587077
-1.093499376334012	0.180944
1.1422179009275293	0.637651
1.217280654874364	1.27419
6.110564349930787	1.99567
0.8021559104106384	0.50196
-8.008001996527792	3.77836
0.38513517055928276	0.616545
2.0509279640815063	1.2846
6.0938423700815285	2.15624
94.3768049557855	99.2958
1.2510854009107852	0.375454
2.9270291821628143	4.25726
1.7182472923064744	1.58249
2.6525933036702583	1.08904
5.863066879550451	15.8051
5.9882316896933885	2.33635
2.32348526716195	0.975909
4.555241766569496	1.29642
7.615765637750441	2.80619
4.101158740746739	0.878338
1.7778210875943847	0.903975
1.7811837235814165	1.27526
3.0398479674399494	0.737767
3.570515715804603	2.6122
1.7510836013673854	0.660368
-0.4472115736256752	0.261242
0.7141932529142591	0.501975
1.7829365289527308	1.26307
0.043678889238825735	2.04873
0.22172121045554807	0.35169
0.5101446310680149	0.515165
1.3493183558635615	0.431802
5.411920097222283	5.73336
3.1322220635688307	1.33282
16.325306201169738	7.35132
1.3479652099812724	0.85681
1.0942447226706271	1.35341
0.15527153020746465	0.33879
-7.633063372265286	1.84259
1.0452909070673528	1.27709
3.6970410026696463	1.89377
0.9769193245708209	0.36964
-7.875765863701283	1.99034
41.986760605316036	30.7644
0.15973614692639124	1.19279
4.14313309776671	4.58889
1.5554869125212325	1.74387
7.774068304419064	1.09956
5.300447457476765	2.06607
1.0221563151740158	0.495175
2.1172080946081624	1.79422
1.467232395431494	1.05414
3.088439312056934	3.24516
1.08373989048684	0.866754
1.102571612404213	0.557922
0.8218770733802311	3.35213
2.2050319015860946	2.79355
1.944893562759922	1.37254
1.7134108734421196	2.33635
0.3370648940867556	1.25229
2.896283153755372	3.75165
0.16539534128664046	0.228312
1.7921062378282595	1.29642
1.1658074089558756	0.358704
0.6296940924069839	0.901916
1.550480916949848	0.593742
0.5054125800403195	0.688963
2.4641405294997907	1.89084
0.39345408595374415	0.399515
0.6273741749274306	0.609783
0.8061780007207643	0.608176
-0.00026369524845247007	6.68551
3.4327961790670316	0.619372
5.720599337233138	2.79355
22.75195521252887	1.97629
1.7461055464233242	1.70798
16.379537830017004	22.3306
7.446598386501808	1.58249
1.7931494970446353	1.25229
6.717144299423805	2.33635
0.7014779032219816	2.15624
0.46325902943445607	0.514909
-7.941750897267409	1.51132
1.553261955641847	1.96637
-3.0418463518360923	0.649196
0.40726811429695164	0.348896
0.9261530417343575	0.22039
0.7102485396453347	0.740703
2.5679287154653103	2.72068
3.748697464223	2.38694
1.3194177353218277	0.647214
1.929978001180131	2.28156
0.8858359300432709	0.83949
16.4593169947761	21.967
2.207473503437203	1.77476
-0.16336557875312716	3.5268
3.101645167732402	0.952354
22.952704951743183	23.1314
3.2226303348960563	3.39527
0.8491288158518041	1.14362
2.4720200446348293	0.514909
1.5272879277791012	1.92559
3.1537626823591833	3.55157
1.076142112500517	1.22867
0.18773753212952698	0.44524
3.926989348996758	1.25197
1.203809450059498	0.749118
0.9841581828490311	1.63987
17.35666633646891	18.2646
1.9918035861766876	1.37254
3.014953910579357	1.8633
-4.414291278628757	0.79013
0.8613479936158164	1.19903
22.61005002009301	8.72595
5.095618837620126	1.47458
1.2557577055761626	1.53051
9.545984900413703	6.02802
1.8771417660806986	3.41433
7.221373128005519	30.7644
0.48727236851967753	0.740703
0.5379752185650875	0.642663
0.2525923046739624	0.502772
1.68418077496252	0.900892
0.9612106900953769	0.792617
3.421217917658243	3.5268
0.7779974563651288	0.732661
6.458814242880372	13.7122
3.870678115848317	3.84639
0.06153127337758223	0.644746
1.61629163223226	0.719234
0.5853175927091704	0.296649
30.976141054025263	41.4598
0.8376258445640826	0.649196
1.4486583655780567	0.941223
4.908430361008894	2.58745
6.290781957488596	5.67844
5.053029188488295	2.74056
1.4222599145803874	2.29166
1.2522282388124375	0.434305
-0.5244496720739011	1.65648
2.7313510849718172	1.08904
6.061087286092622	4.49664
1.4775156992785334	1.2354
0.3829372747929165	1.70798
19.774014455385835	4.94618
10.448813678107202	0.998091
1.12600628513154	0.183553
3.578760732836045	2.25629
0.7517385844809374	0.416352
0.9790753131912272	0.857598
0.5453676029008424	0.623655
2.9881429673182263	1.12454
1.560225993619041	0.705031
0.820959855858479	0.806487
3.4431825669668643	1.5514
1.328116576179022	1.35526
3.9818937560318735	1.33282
6.097046509822114	5.34158
1.1059254006282393	0.375454
0.9543942519975058	0.893474
8.891008381724928	1.27419
1.6305898214800143	1.37254
0.8579822096414373	0.944878
2.0779999710679395	2.74056
-5.076141772926796	11.6073
1.9966710613591117	2.25629
2.156529794086923	0.871621
1.6673859151828307	0.981288
3.190417907853967	8.22879
1.035837122544186	1.50355
2.6414181435774604	5.51669
12.615548831628502	16.3933
2.089201992152972	2.04927
0.6864831250562072	0.752785
2.8061722433682355	1.67497
0.646405087141654	0.255874
9.616242525326198	11.6073
0.21020785097039796	0.434305
4.755577659149124	2.26477
0.6883916155888197	0.442366
12.914365194480055	3.55157
0.9264519827277405	0.999589
-1.4206247624337243	0.465907
-0.45079414131579165	0.719234
2.985181387381369	1.6647
0.7865556170211573	0.723678
4.864388954141852	2.33635
-0.6665163426569503	0.50672
2.0841715691337943	1.92559
0.9779540026628013	0.782029
-1.5177532616935099	2.06607
1.8124998455695154	2.47857
7.6695352965294425	2.25629
0.8568798494890641	0.561781
-3.901994282070481	0.657879
1.9041621058138192	2.12995
1.3212161753634304	1.00731
1.1529335053572376	1.11202
11.037528416396857	6.41507
2.34365491656087	0.632149
0.43219505420481225	0.540018
2.42946122722094	3.88096
7.141091580228144	4.24328
0.7145460243994076	0.435287
1.3428837945825933	0.636323
2.0189178080210466	0.877691
1.4725022739955955	0.940852
32.82405092570504	112.324
0.7012569153240463	0.33044
4.5848451987082965	3.77836
5.80494794649226	2.56539
5.086048803551732	4.55869
1.3973322189302404	0.811941
5.226722588361669	0.808169
8.830686975027831	1.67497
0.4115232944179456	0.811941
1.6600668505522318	0.604918
4.588166943048184	1.98704
3.8814822769207673	1.67497
1.7710458531289364	0.913065
1.3863435046681931	0.944878
0.7332585696767534	0.601675
0.711642536288753	3.24516
5.77786785191273	0.623655
1.4005884054902984	0.901916
2.5805104582975464	0.954506
1.2948473136617067	0.799579
2.4960081228535405	3.96415
0.7627175047334448	1.61181
0.17098870096618954	0.263632
0.22814474656242245	1.01758
-2.672329997238264	1.08691
0.17270260137761018	0.50196
2.8966126844766644	7.57406
15.135657371455011	-99.0
0.7659721432484657	0.91377
0.49925958069825144	0.632916
0.7809373837507756	0.75507
80.04428265166088	99.2958
0.19780971765985103	0.742095
0.5003179188142618	0.280409
4.27781886806545	6.17937
0.7698308621900156	0.42007
2.424879764649896	1.76936
9.233472056707265	2.80619
0.6080728312502416	0.763063
4.567418849208951	2.29166
4.124551875199541	4.25726
1.5048931825157175	1.86245
1.5352747547724854	18.2646
2.243578821868535	2.69511
1.277341761047097	1.38357
8.714679912819928	22.3306
-2.3054340245769143	1.00731
6.160670380371089	8.22879
3.0789866679964284	1.95664
-0.05245940686178578	0.514909
2.5814880938551155	0.931715
4.480810911322019	1.89084
1.33077199276277	0.865709
0.78724915002193	0.681992
4.8100538493185745	1.24116
1.2597305967362458	1.50513
-3.223596733640858	0.284997
1.0341690943148392	1.02961
13.550676257086895	11.187
1.3257983576036516	1.71723
7.052470127708409	2.95872
1.6541380121112386	0.660368
0.8433371319922413	0.273386
1.4135818708397938	2.5589
-5.34052293628622	1.10017
1.9695969577424814	0.855709
0.3339802070167564	1.08904
3.4835030699435428	1.29642
3.280423973781627	2.32946
1.0754276845233852	0.947471
2.7732909476610184	1.01444
1.6711403991905034	0.70179
0.8256902321951853	0.742095
0.6258296686413576	0.44524
0.4679282143145121	0.749118
1.484083880973817	0.841705
3.7353859990238902	1.06647
1.514308188255478	0.792617
1.2607349181495537	0.604918
7.594059824018512	0.616545
0.5043370767100668	1.06871
1.6359395807573138	1.99567
0.8719567169643032	0.980173
0.729815324047126	0.697777
3.7960785951543015	3.94085
7.556564385351573	3.96415
1.4018017371482714	0.578015
1.3165297976998762	0.79013
0.21937630417379034	0.981288
3.8822032329984375	1.41292
5.429003517875396	8.752
3.2726400027081923	2.56394
0.18670565639017142	0.396929
2.3341687853303084	1.01234
2.154339275626412	0.494662
1.1374664630448694	0.44524
-0.7468062789684529	0.378666
11.711664811831486	10.694
4.779331074612445	2.95084
0.8877025501818102	0.449507
