32.0	34.0	30.0	42.0	2.059	2.486	0.157016	0.427071	1	2	2
33.0	29.0	32.0	39.0	1.075	0.324	1.29553	0.31191	1	2	3
32.0	25.0	30.0	25.0	2.288	1.644	0.109157	0.225346	1	2	4
32.0	23.0	31.0	37.0	0.556	0.8284	0.476351	2.04927	3	2	2
35.0	23.0	32.0	28.0	0.901	1.043	2.71978	3.42082	2	2	2
32.0	25.0	32.0	37.0	1.263	0.7341	0.496173	2.02938	2	1	2
30.0	24.0	29.0	34.0	2.559	2.31	0.237417	0.210544	2	2	4
33.0	22.0	32.0	29.0	2.603	1.9622	0.245174	0.791286	2	2	3
33.0	24.0	31.0	28.0	0.874	1.179	0.282778	1.77476	1	1	2
31.0	25.0	30.0	36.0	0.992	0.996	0.75507	0.484269	2	1	2
31.0	26.0	30.0	37.0	2.494	0.9059	2.63157	1.14362	2	2	2
34.0	26.0	30.0	27.0	1.697	0.647	0.234797	0.625335	2	1	2
34.0	19.0	27.0	33.0	1.716	0.966	0.121499	0.412262	1	1	4
32.0	26.0	29.0	27.0	1.63	1.045	0.434508	0.679116	1	1	3
33.0	26.0	32.0	29.0	2.573	1.045	0.33044	3.97353	2	1	2
32.0	26.0	31.0	38.0	1.816	1.293	0.433588	0.63293	1	2	2
33.0	34.0	30.0	39.0	0.833	0.665	0.705031	0.568474	2	3	3
30.0	38.0	30.0	37.0	1.919	2.801	0.16733	0.196036	2	2	3
32.0	23.0	30.0	34.0	1.919	0.574	0.16733	30.4844	1	1	1
33.0	37.0	31.0	41.0	2.34	3.4119	0.632304	0.790355	2	2	2
31.0	33.0	30.0	40.0	1.926	1.477	0.20498	0.95879	1	1	2
33.0	20.0	32.0	31.0	2.474	1.514	0.273386	0.0444559	0	1	2
30.0	37.0	30.0	39.0	0.676	1.013	13.7122	0.393722	2	1	1
32.0	25.0	33.0	28.0	1.213	0.615	0.57843	17.4243	3	1	1
33.0	40.0	32.0	38.0	0.278	0.583	0.285388	0.414448	1	1	2
32.0	25.0	31.0	27.0	0.2613	1.021	1.67497	0.984821	1	2	2
34.0	21.0	30.0	27.0	2.1549	0.5623	0.576313	6.41507	4	1	1
33.0	24.0	30.0	37.0	2.569	0.484	0.0688426	0.313826	1	1	3
34.0	22.0	32.0	31.0	1.983	1.393	0.110737	1.06871	1	1	1
33.0	26.0	32.0	34.0	1.98	0.668	0.200739	1.11202	1	1	1
31.0	25.0	30.0	38.0	1.26	1.146	0.236741	0.323872	3	2	3
33.0	25.0	31.0	29.0	1.16	1.61	0.569826	0.35827	2	2	2
32.0	24.0	30.0	27.0	0.523	2.5771	30.7644	0.499345	3	2	2
31.0	36.0	30.0	42.0	2.329	1.542	0.180855	0.431802	1	2	2
31.0	30.0	31.0	40.0	1.945	1.009	0.264211	0.265381	3	2	4
31.0	32.0	29.0	38.0	0.613	1.733	0.308779	0.178978	2	2	3
33.0	26.0	33.0	34.0	0.706	0.388	5.51669	1.35052	1	2	2
35.0	31.0	30.0	40.0	2.595	2.719	1.1001	0.547389	3	2	2
33.0	33.0	30.0	40.0	1.076	1.093	1.93342	0.148806	3	1	4
32.0	34.0	31.0	38.0	0.944	1.324	0.461873	2.73255	2	1	4
31.0	38.0	30.0	40.0	0.487	0.31	26.1884	10.694	2	1	2
31.0	23.0	30.0	36.0	3.731	1.23	0.688963	0.900892	2	3	3
31.0	27.0	30.0	39.0	0.481	0.122	1.68018	0.698286	2	3	3
27.0	34.0	28.0	41.0	1.307	2.341	0.337222	0.34366	1	3	4
31.0	29.0	31.0	40.0	2.684	1.604	0.3471	0.429624	2	2	2
32.0	29.0	30.0	37.0	0.204	3.407	0.537842	0.420807	1	1	2
31.0	21.0	30.0	32.0	1.27	1.359	0.375454	0.354169	2	2	2
33.0	26.0	32.0	39.0	0.863	0.681	0.701922	0.652515	1	2	3
33.0	24.0	32.0	34.0	0.216	2.737	112.324	0.532416	1	1	2
34.0	36.0	32.0	41.0	2.225	2.801	0.209185	0.322678	3	2	3
32.0	25.0	30.0	35.0	0.741	0.703	1.88461	0.608176	2	1	3
32.0	21.0	32.0	27.0	2.1336	2.329	0.333094	0.180855	2	2	2
32.0	30.0	30.0	38.0	1.503	1.221	0.182485	0.935727	2	1	1
34.0	26.0	34.0	37.0	0.368	2.4485	0.612995	0.515165	0	1	2
29.0	23.0	31.0	27.0	1.911	1.347	1.01444	0.672073	4	2	2
30.0	23.0	30.0	27.0	0.638	0.873	0.263883	7.95136	1	1	1
32.0	33.0	30.0	40.0	0.949	2.5769	0.448108	0.3171	1	1	3
33.0	25.0	32.0	33.0	0.846	0.412	6.61888	1.5514	3	1	2
33.0	25.0	31.0	25.0	3.368	0.2859	0.516442	2.85404	2	1	2
34.0	24.0	31.0	36.0	0.574	1.005	8.24046	0.465907	3	1	1
34.0	34.0	30.0	41.0	0.975	1.204	0.33961	0.281279	2	2	2
32.0	33.0	32.0	41.0	1.215	1.301	1.92261	1.00731	2	2	1
30.0	22.0	31.0	33.0	0.522	2.688	0.386174	0.647214	5	4	4
32.0	24.0	30.0	25.0	0.746	0.8284	0.944878	2.04927	2	2	2
32.0	28.0	29.0	37.0	0.581	1.531	0.623274	0.27316	2	2	2
32.0	22.0	30.0	34.0	0.147	0.966	174.617	0.183671	1	1	1
33.0	21.0	31.0	35.0	0.432	0.761	0.722514	0.390761	2	2	2
34.0	28.0	32.0	36.0	0.512	1.669	1.89866	0.42007	1	1	1
34.0	36.0	31.0	39.0	3.267	0.86	0.373472	1.27709	2	1	1
32.0	27.0	30.0	40.0	1.003	0.773	0.967002	0.542642	2	2	3
33.0	31.0	32.0	41.0	0.828	1.513	0.363539	0.284997	2	2	2
33.0	35.0	32.0	38.0	1.604	1.834	0.429624	0.244083	1	1	1
32.0	21.0	31.0	31.0	3.0762	1.613	1.19988	0.329478	1	1	2
33.0	33.0	32.0	41.0	1.379	0.533	1.32458	1.00179	1	1	2
32.0	22.0	33.0	34.0	1.457	2.345	0.370012	0.173533	2	2	2
33.0	33.0	32.0	36.0	3.618	0.497	0.802343	0.704838	2	1	2
33.0	22.0	30.0	30.0	1.045	1.221	3.97353	0.935727	2	2	2
33.0	37.0	32.0	38.0	1.874	2.19	0.514909	0.331718	1	1	2
33.0	29.0	32.0	39.0	1.558	0.576	0.251899	0.344627	1	1	2
32.0	36.0	29.0	40.0	0.967	2.5771	0.414278	0.499345	2	2	2
33.0	26.0	30.0	26.0	0.621	0.687	0.279492	0.905358	2	2	2
31.0	27.0	30.0	37.0	0.3321	1.199	1.85003	0.160839	1	1	1
32.0	25.0	30.0	34.0	1.784	1.679	0.15771	0.428846	2	1	2
32.0	25.0	31.0	38.0	1.588	1.324	0.505454	2.73255	0	3	4
33.0	27.0	33.0	30.0	0.323	0.285	0.799366	0.442434	1	1	1
34.0	23.0	32.0	33.0	2.349	0.401	0.493892	3.76953	2	1	1
34.0	24.0	31.0	36.0	1.564	0.124	0.411634	2.3119	1	1	0
32.0	36.0	30.0	39.0	2.35	0.703	0.240996	0.967614	1	2	2
33.0	29.0	29.0	39.0	0.413	0.736	0.768433	8.752	2	1	2
32.0	33.0	33.0	41.0	1.901	1.27	0.45023	0.58613	2	2	2
32.0	24.0	30.0	35.0	0.2415	1.672	2.56394	0.221368	1	1	1
33.0	36.0	31.0	37.0	1.305	1.536	0.303148	0.416352	1	2	2
32.0	26.0	30.0	33.0	0.754	1.919	0.656342	0.16733	4	2	3
33.0	40.0	32.0	39.0	3.331	0.62	0.22646	1.04546	2	1	1
34.0	31.0	32.0	42.0	0.894	3.083	0.440394	0.430397	2	2	2
32.0	20.0	30.0	28.0	1.024	1.025	1.20375	0.3593	2	2	2
31.0	27.0	30.0	39.0	0.7318	0.587	8.72595	1.45014	2	1	1
33.0	26.0	31.0	28.0	0.951	2.304	1.27012	0.0955083	2	1	1
33.0	26.0	31.0	32.0	0.523	0.666	30.7644	0.503581	2	2	2
32.0	31.0	30.0	41.0	1.513	0.573	0.284997	1.63987	2	2	2
33.0	60.0	31.0	54.0	0.569	0.457	0.368835	0.208241	1	2	3
32.0	32.0	31.0	39.0	0.643	3.439	0.663129	0.287988	1	2	2
31.0	22.0	30.0	33.0	0.893	0.524	0.439096	11.7933	2	1	1
31.0	33.0	30.0	39.0	0.54	0.7363	0.515323	0.66406	2	1	2
31.0	27.0	30.0	37.0	0.735	0.438	16.9225	17.2708	3	1	2
32.0	24.0	30.0	36.0	2.525	0.5	2.17064	0.340883	2	1	1
33.0	24.0	33.0	29.0	0.839	1.089	1.60687	0.616545	0	2	2
33.0	26.0	30.0	33.0	1.517	0.666	0.483696	0.503581	2	1	2
32.0	25.0	33.0	29.0	2.644	1.78	0.175006	0.218701	1	2	4
33.0	24.0	31.0	31.0	1.813	2.382	0.161184	0.164555	1	2	2
31.0	23.0	31.0	33.0	1.001	2.419	0.552274	0.663998	3	2	3
33.0	24.0	30.0	37.0	0.936	1.6094	0.460549	0.782029	3	2	2
34.0	24.0	32.0	25.0	1.033	0.5246	3.5126	3.89227	2	2	2
32.0	21.0	31.0	29.0	2.376	2.019	0.213782	0.466947	2	2	2
32.0	28.0	32.0	41.0	1.018	2.539	4.58889	0.180944	2	1	1
33.0	24.0	30.0	29.0	3.078	1.679	0.964733	0.207018	2	1	2
30.0	34.0	30.0	38.0	2.139	0.736	0.225757	3.5268	1	1	1
31.0	32.0	29.0	38.0	1.305	0.907	0.303148	0.429125	2	1	1
33.0	28.0	28.0	27.0	2.667	0.846	0.512372	6.61888	2	1	1
35.0	37.0	33.0	39.0	2.0	1.303	0.311562	0.651066	2	1	2
32.0	31.0	33.0	42.0	1.09	2.7708	0.429201	0.752785	2	2	1
34.0	26.0	31.0	34.0	1.91	0.567	0.207729	0.90921	1	1	3
34.0	26.0	32.0	27.0	3.407	2.8115	0.420807	0.399515	2	2	2
33.0	24.0	30.0	33.0	0.936	0.403	1.33685	0.583495	1	2	2
33.0	28.0	33.0	38.0	2.316	2.801	0.24695	0.196036	1	1	3
34.0	27.0	32.0	37.0	1.2449	0.684	2.1675	0.310516	3	1	1
34.0	22.0	33.0	32.0	2.129	0.677	0.371711	0.51323	2	2	2
31.0	22.0	30.0	25.0	0.517	0.523	0.480455	30.7644	3	1	2
33.0	33.0	30.0	39.0	0.58	1.772	0.882902	0.114166	1	2	3
32.0	28.0	31.0	40.0	1.948	2.1375	0.182079	0.645504	1	2	3
31.0	37.0	29.0	41.0	0.3459	0.702	18.2646	0.697777	1	1	1
31.0	30.0	29.0	38.0	1.285	0.742	0.0925014	5.58977	1	1	1
31.0	29.0	28.0	37.0	2.667	0.729	0.512372	0.33973	2	2	3
32.0	29.0	31.0	38.0	0.605	2.594	0.351463	0.0937046	2	2	3
33.0	21.0	32.0	28.0	1.135	1.353	0.636323	0.332132	2	2	2
31.0	21.0	31.0	32.0	3.912	0.783	0.233661	0.516375	4	1	2
32.0	37.0	30.0	37.0	1.487	0.927	0.187831	0.51015	2	1	2
33.0	36.0	32.0	40.0	1.656	1.31	0.268293	0.299133	2	2	3
33.0	23.0	32.0	38.0	1.558	2.388	0.251899	0.365485	1	1	1
31.0	35.0	30.0	41.0	0.677	0.659	0.51323	0.335613	2	2	2
33.0	24.0	31.0	34.0	2.522	1.23	0.237373	0.900892	2	2	2
30.0	23.0	31.0	31.0	1.513	1.098	0.0221934	0.498573	1	1	1
34.0	23.0	32.0	33.0	0.574	1.3527	8.24046	0.435287	2	1	1
33.0	23.0	29.0	34.0	0.737	0.912	2.97355	0.492924	2	2	2
31.0	40.0	32.0	38.0	0.8967	2.431	2.55376	0.458295	2	1	1
36.0	31.0	32.0	39.0	0.891	1.921	1.89084	0.24148	4	2	2
31.0	32.0	32.0	42.0	2.539	0.681	0.821628	2.62631	2	1	1
33.0	33.0	32.0	38.0	0.803	0.432	0.208584	0.722514	1	1	1
30.0	27.0	30.0	38.0	2.945	0.622	0.237132	0.283345	1	1	2
30.0	23.0	31.0	34.0	2.151	0.983	0.343002	0.192663	2	2	2
33.0	33.0	31.0	38.0	0.319	0.515	0.3081	0.37445	2	1	2
33.0	29.0	30.0	40.0	1.067	1.266	0.269798	0.159844	1	2	2
30.0	24.0	31.0	35.0	0.936	0.705	0.537299	1.20301	2	1	2
35.0	24.0	30.0	24.0	2.1549	1.175	0.576313	0.487847	2	2	2
30.0	26.0	30.0	39.0	2.536	0.666	0.878338	0.503581	2	2	2
33.0	36.0	33.0	39.0	1.805	1.9213	0.171468	0.280409	2	1	1
31.0	28.0	30.0	39.0	0.984	1.108	0.504498	0.695961	2	2	2
31.0	37.0	29.0	37.0	0.5337	1.526	1.09735	1.29791	2	2	2
32.0	30.0	29.0	37.0	0.309	1.016	0.472717	0.740703	2	1	2
33.0	31.0	32.0	39.0	0.453	0.6669	1.6876	1.06083	2	2	1
37.0	33.0	36.0	38.0	1.05	1.537	0.403077	0.19513	1	2	3
31.0	26.0	31.0	32.0	0.591	0.721	1.62175	0.489187	2	1	1
33.0	23.0	31.0	27.0	1.995	0.668	0.417713	1.47458	2	2	2
32.0	35.0	29.0	41.0	0.625	0.566	5.59954	0.287121	2	1	1
32.0	22.0	31.0	32.0	0.523	1.105	6.38393	0.45973	2	1	2
33.0	23.0	30.0	27.0	1.531	1.046	0.27316	0.430777	2	2	2
32.0	31.0	31.0	39.0	0.513	2.045	0.992362	0.271658	2	1	4
32.0	27.0	30.0	38.0	1.6121	1.011	0.669325	0.285541	1	2	2
34.0	22.0	31.0	35.0	0.53	1.611	0.738924	0.203097	1	2	2
32.0	23.0	31.0	27.0	2.788	1.052	0.534186	0.602957	2	2	3
30.0	26.0	30.0	40.0	1.473	1.011	0.431899	1.53051	2	2	2
33.0	25.0	33.0	28.0	1.037	3.603	3.75165	0.354753	2	1	2
29.0	25.0	41.0	24.0	1.963	0.681	0.321374	2.62631	3	2	1
32.0	24.0	32.0	34.0	1.061	2.941	1.2354	0.327242	2	2	3
33.0	30.0	32.0	40.0	0.837	1.41	19.9532	0.172836	1	1	2
33.0	24.0	32.0	33.0	0.416	0.3321	0.583811	1.85003	2	2	2
33.0	32.0	31.0	41.0	0.659	1.383	0.335613	0.134254	1	2	2
23.0	27.0	29.0	39.0	1.779	0.695	0.0207788	1.69039	1	1	2
33.0	29.0	31.0	40.0	0.502	1.2449	0.379872	2.1675	1	1	2
32.0	36.0	30.0	38.0	1.216	0.334	13.8338	0.515504	2	1	1
31.0	24.0	30.0	33.0	1.612	0.585	0.26449	0.99277	2	2	2
32.0	28.0	30.0	39.0	1.046	2.181	0.700654	0.323753	3	2	2
34.0	24.0	31.0	33.0	1.296	1.013	0.40844	1.9838	1	1	1
34.0	25.0	31.0	29.0	0.548	0.758	2.22923	0.281228	3	2	3
33.0	41.0	31.0	37.0	1.108	1.503	0.177719	0.775783	3	1	2
33.0	33.0	30.0	38.0	1.611	0.773	0.203097	0.542642	2	1	2
33.0	34.0	30.0	40.0	0.953	1.77	1.30776	0.092309	2	1	1
32.0	25.0	31.0	29.0	0.48	0.653	1.88797	0.300063	1	1	1
31.0	22.0	31.0	34.0	1.108	0.852	0.695961	1.16157	2	2	2
32.0	38.0	29.0	40.0	0.817	2.4369	0.2988	0.342068	2	2	3
33.0	21.0	30.0	32.0	2.291	0.509	0.168923	1.1146	1	1	2
32.0	23.0	33.0	32.0	3.132	0.579	0.591698	0.449507	2	1	2
30.0	25.0	30.0	39.0	0.873	1.0	7.95136	1.64686	4	1	1
33.0	24.0	30.0	28.0	0.512	0.638	1.89866	1.06591	2	2	2
31.0	26.0	31.0	35.0	0.622	1.906	0.526413	0.407505	2	2	2
32.0	22.0	30.0	28.0	0.585	0.1315	0.749118	3.44521	1	2	1
33.0	23.0	32.0	29.0	1.304	0.726	0.521792	4.66337	2	1	1
31.0	37.0	30.0	39.0	0.734	1.045	6.54027	0.679116	2	2	2
32.0	24.0	30.0	26.0	0.667	2.824	0.56479	0.280807	2	2	2
32.0	30.0	30.0	39.0	2.928	0.544	0.405085	0.426677	1	2	2
31.0	25.0	30.0	25.0	0.286	0.321	17.1325	0.475787	1	1	1
32.0	25.0	31.0	36.0	0.643	1.012	0.663129	1.11201	2	1	2
34.0	24.0	33.0	37.0	0.492	2.486	0.581249	0.427071	2	1	3
34.0	21.0	31.0	28.0	0.286	0.347	17.1325	1.41292	2	2	1
32.0	23.0	31.0	24.0	2.89	0.738	0.210378	1.03568	0	2	5
31.0	38.0	30.0	38.0	0.539	0.666	0.425243	7.40094	4	1	1
32.0	31.0	30.0	37.0	0.873	1.686	7.95136	0.16852	1	1	1
33.0	28.0	30.0	39.0	3.259	0.676	0.235867	3.77836	1	1	1
33.0	33.0	31.0	37.0	1.109	1.675	0.416799	0.223948	1	2	1
35.0	30.0	31.0	38.0	0.623	0.105	0.678028	1.09744	1	1	1
31.0	38.0	30.0	37.0	2.019	0.754	0.466947	0.656342	2	2	2
31.0	25.0	30.0	25.0	0.844	1.919	0.430485	0.16733	1	3	2
32.0	24.0	30.0	33.0	1.0428	2.422	2.56354	0.151708	1	1	1
31.0	24.0	30.0	31.0	0.535	0.883	0.230925	1.5466	2	1	2
30.0	25.0	31.0	37.0	1.128	0.512	0.358026	1.89866	1	1	1
31.0	23.0	30.0	36.0	1.942	0.592	0.471535	28.255	2	1	1
32.0	24.0	31.0	35.0	1.23	1.935	0.900892	0.147365	1	1	1
34.0	30.0	32.0	36.0	0.451	0.353	1.60955	0.827675	1	1	2
31.0	36.0	30.0	39.0	0.799	0.884	0.245724	0.989105	2	1	2
33.0	26.0	32.0	30.0	0.687	2.627	0.905358	0.473511	2	1	1
33.0	24.0	30.0	36.0	1.554	0.625	1.52279	5.59954	1	1	1
32.0	32.0	30.0	40.0	2.8115	1.526	0.399515	1.12573	2	2	2
33.0	29.0	31.0	39.0	1.097	1.013	1.14622	0.291246	1	1	1
32.0	36.0	33.0	40.0	0.523	1.3527	30.7644	0.435287	3	2	2
33.0	22.0	30.0	29.0	1.043	3.326	3.42082	0.492917	0	2	2
30.0	28.0	31.0	36.0	0.522	1.288	0.386174	0.356425	1	1	1
32.0	25.0	30.0	38.0	0.735	1.514	6.94273	0.0444559	1	1	1
31.0	21.0	30.0	30.0	0.501	0.644	0.451468	0.408861	3	3	4
34.0	21.0	30.0	32.0	1.033	1.381	3.5126	2.564	2	2	2
32.0	31.0	32.0	39.0	1.299	0.413	0.334642	0.419023	2	1	2
33.0	27.0	30.0	37.0	2.005	2.4369	0.466074	0.342068	2	2	2
33.0	12.0	29.0	34.0	0.332	1.42	0.522049	0.204845	1	1	1
32.0	23.0	30.0	25.0	2.873	0.333	0.302798	3.80694	2	1	1
31.0	24.0	34.0	35.0	2.559	0.338	0.23783	1.09766	1	1	1
33.0	25.0	32.0	32.0	2.343	0.2162	0.352479	6.58636	2	1	2
32.0	32.0	31.0	41.0	0.951	1.105	0.518435	0.45973	1	2	2
33.0	28.0	31.0	40.0	0.54	1.9622	0.647577	0.791286	2	1	4
31.0	34.0	29.0	42.0	2.52	2.474	0.213108	0.273386	0	2	2
32.0	27.0	28.0	36.0	0.7322	1.037	2.56539	4.54489	3	2	2
33.0	27.0	31.0	27.0	0.616	1.222	0.573996	1.37254	2	1	2
31.0	29.0	32.0	40.0	2.441	1.617	0.909914	0.446546	3	3	2
33.0	25.0	32.0	36.0	2.032	0.524	0.370566	5.71779	2	1	1
30.0	23.0	30.0	27.0	0.767	0.138	0.296917	0.531353	1	2	2
33.0	22.0	33.0	33.0	0.744	0.983	0.732454	0.583834	2	2	3
52.0	31.0	6.0	39.0	0.653	2.31	0.386725	0.210544	1	1	1
33.0	29.0	32.0	41.0	1.162	1.376	0.884758	0.415259	2	3	2
32.0	34.0	32.0	39.0	1.182	1.6105	1.09956	1.27332	3	2	1
32.0	30.0	30.0	39.0	0.566	1.8761	16.9203	1.54913	2	1	1
32.0	27.0	31.0	38.0	1.604	0.671	0.219937	1.27157	2	1	2
33.0	30.0	31.0	30.0	1.461	0.623	0.44524	0.350557	1	1	2
32.0	30.0	29.0	38.0	0.3459	0.761	18.2646	0.532156	2	1	1
33.0	24.0	30.0	29.0	0.25	2.693	0.341367	0.488883	2	2	2
34.0	26.0	30.0	25.0	0.548	0.607	2.22923	0.423761	3	2	2
34.0	26.0	30.0	38.0	2.632	0.613	0.320045	1.18072	1	1	2
32.0	35.0	30.0	42.0	0.95	0.721	0.833346	0.489187	2	2	2
32.0	23.0	31.0	29.0	3.326	0.54	0.492917	0.773786	2	2	2
33.0	29.0	32.0	39.0	0.658	0.574	3.2311	8.24046	2	1	2
33.0	21.0	30.0	33.0	0.136	1.897	1.43996	0.379893	3	2	3
33.0	21.0	31.0	28.0	1.635	1.667	0.102269	0.140831	1	2	1
33.0	28.0	32.0	29.0	0.599	0.759	0.864241	0.611051	2	1	1
32.0	24.0	31.0	28.0	0.497	1.568	1.19279	0.231204	2	1	3
32.0	28.0	31.0	28.0	0.979	3.444	1.51132	0.690153	1	1	1
32.0	22.0	29.0	30.0	0.676	2.893	13.7122	0.358515	1	1	1
31.0	29.0	29.0	36.0	1.97	2.349	0.556482	0.493892	3	2	3
31.0	30.0	30.0	29.0	2.391	0.502	0.129058	0.219108	3	2	2
33.0	26.0	31.0	35.0	1.775	1.873	0.219608	0.431923	2	1	2
31.0	28.0	30.0	40.0	0.38	2.111	0.907003	0.176366	1	2	1
31.0	25.0	30.0	32.0	0.825	0.117	0.596749	0.574998	2	2	2
31.0	30.0	31.0	38.0	1.6042	1.108	1.37335	0.695961	2	2	1
32.0	33.0	31.0	40.0	0.591	0.594	1.62175	0.421213	2	1	1
31.0	25.0	30.0	27.0	0.734	1.367	6.74372	0.317691	1	1	1
33.0	21.0	30.0	33.0	1.2	1.222	0.107306	2.31197	1	1	1
33.0	4.0	31.0	53.0	1.889	0.457	0.225302	0.208241	1	2	1
33.0	21.0	29.0	30.0	0.468	3.724	0.616341	0.318016	2	2	2
32.0	31.0	33.0	40.0	2.539	1.906	0.180944	0.347655	2	1	1
32.0	28.0	30.0	41.0	2.045	0.714	0.180694	0.50672	2	2	2
32.0	35.0	31.0	38.0	0.613	0.213	1.18072	0.368316	1	1	2
33.0	31.0	32.0	38.0	2.584	0.946	0.716388	0.26321	2	1	3
33.0	28.0	31.0	40.0	1.316	1.921	0.316312	0.24148	3	3	4
32.0	24.0	32.0	27.0	2.367	3.494	0.494365	0.368502	2	2	2
31.0	34.0	30.0	36.0	0.729	2.2979	0.541984	0.724398	2	2	3
34.0	25.0	31.0	29.0	4.603	1.092	0.310189	0.491988	2	3	3
32.0	26.0	30.0	35.0	0.686	0.67	1.00704	1.13551	1	1	2
32.0	23.0	30.0	30.0	3.33	0.817	0.38685	0.2988	2	2	2
32.0	22.0	31.0	28.0	1.544	0.985	0.757555	0.411434	1	2	2
33.0	27.0	31.0	26.0	0.453	0.484	0.234166	0.313826	1	2	2
31.0	39.0	29.0	38.0	1.027	1.232	0.685206	0.381135	2	2	1
34.0	36.0	32.0	40.0	2.338	0.455	0.901624	0.497972	2	2	2
31.0	30.0	30.0	39.0	0.53	2.8102	0.452487	0.681992	2	2	3
34.0	26.0	30.0	29.0	0.601	0.8479	0.924227	2.28156	2	1	2
31.0	23.0	30.0	37.0	2.438	0.7365	0.36964	0.720227	2	2	1
32.0	37.0	31.0	39.0	2.486	2.682	0.427071	0.465055	2	2	2
33.0	29.0	32.0	38.0	0.409	0.974	0.297894	2.3008	1	1	2
32.0	25.0	33.0	36.0	1.037	0.3331	4.54489	1.36215	2	1	1
34.0	24.0	31.0	37.0	1.943	0.831	0.526761	0.344368	2	3	2
31.0	23.0	31.0	32.0	0.8	0.493	0.793811	0.589676	3	3	3
32.0	22.0	31.0	33.0	0.347	2.928	1.41292	0.405085	2	2	2
30.0	23.0	31.0	31.0	0.301	2.575	0.496694	0.249246	3	2	2
33.0	25.0	31.0	30.0	2.42	2.931	0.161687	0.199931	1	2	4
33.0	25.0	33.0	26.0	0.347	4.811	0.419537	1.0135	2	1	2
30.0	23.0	29.0	34.0	1.088	2.089	6.32744	0.676967	2	1	1
32.0	31.0	29.0	39.0	3.4129	0.529	0.719234	0.459136	1	1	2
32.0	23.0	30.0	27.0	2.081	0.2475	0.167715	2.13289	1	1	1
33.0	21.0	31.0	27.0	2.928	0.732	0.405085	0.326863	1	2	2
34.0	29.0	31.0	39.0	1.8761	2.941	1.54913	0.327242	2	2	2
31.0	34.0	30.0	42.0	1.933	1.662	1.11703	0.586948	1	1	1
32.0	35.0	31.0	38.0	0.885	0.907	0.276814	3.47118	2	1	2
33.0	25.0	33.0	28.0	2.233	1.645	0.145438	0.294654	0	2	3
33.0	25.0	29.0	40.0	1.324	1.021	2.73255	0.984821	2	3	1
32.0	32.0	32.0	38.0	1.65	2.8115	0.252018	0.399515	2	1	1
30.0	25.0	30.0	28.0	1.215	1.644	0.954506	0.705653	1	1	2
32.0	24.0	31.0	37.0	2.19	0.111	0.331718	0.604391	1	2	4
30.0	34.0	31.0	26.0	0.967	0.502	1.61927	0.219108	4	1	1
33.0	23.0	32.0	33.0	1.26	0.951	0.236741	1.27012	2	2	1
33.0	30.0	32.0	40.0	0.735	0.567	8.72284	0.445629	2	1	1
32.0	29.0	31.0	36.0	1.588	2.784	0.505454	0.381597	0	2	4
32.0	22.0	30.0	28.0	1.553	3.339	1.06803	0.349263	2	2	2
31.0	23.0	31.0	31.0	2.428	1.274	0.215958	0.384123	1	2	2
32.0	38.0	32.0	37.0	0.13	1.221	0.607655	0.935727	2	1	2
24.0	28.0	29.0	40.0	1.017	1.025	-99.0	0.3593	1	2	2
33.0	31.0	33.0	39.0	2.573	0.625	0.33044	5.59954	1	1	1
31.0	27.0	30.0	39.0	1.211	0.956	0.159338	0.173099	1	2	3
33.0	29.0	31.0	42.0	0.944	2.367	0.970794	0.494365	2	2	2
31.0	34.0	30.0	39.0	0.738	0.839	11.6073	1.60687	2	1	2
32.0	23.0	31.0	28.0	0.564	1.24	0.409184	0.763063	1	1	2
32.0	30.0	30.0	42.0	1.013	0.744	0.291246	0.732454	2	2	2
30.0	27.0	30.0	29.0	2.584	1.874	0.716388	0.197781	1	1	1
33.0	24.0	31.0	37.0	0.934	0.844	1.50476	0.430485	2	2	2
31.0	35.0	29.0	40.0	0.347	2.718	1.02922	0.662656	1	2	2
33.0	25.0	33.0	36.0	0.605	0.593	41.7618	0.379464	2	1	1
32.0	24.0	30.0	38.0	1.772	1.634	0.114166	0.148387	0	1	2
31.0	23.0	30.0	30.0	0.639	1.72	0.437134	0.500253	1	2	2
42.0	22.0	43.0	36.0	4.336	1.64	0.286372	0.322894	2	3	3
31.0	24.0	32.0	36.0	2.893	0.729	0.358515	7.12394	3	1	1
32.0	26.0	30.0	30.0	1.381	2.689	2.564	0.222416	1	2	1
33.0	35.0	32.0	42.0	0.671	0.5623	1.27157	6.41507	3	1	2
32.0	25.0	31.0	29.0	0.735	0.6799	3.47818	2.5589	2	1	2
32.0	34.0	29.0	37.0	0.6705	3.083	1.97629	0.430397	1	1	1
31.0	25.0	30.0	38.0	0.718	2.111	11.4732	0.176366	1	1	1
33.0	33.0	32.0	40.0	0.4163	1.269	3.32492	0.283887	1	1	1
31.0	37.0	30.0	39.0	0.744	1.829	0.732454	0.852677	2	2	2
32.0	25.0	31.0	36.0	1.349	1.9057	0.194458	1.26908	3	1	2
29.0	34.0	31.0	41.0	1.011	3.168	2.04873	0.459019	2	2	2
32.0	25.0	31.0	35.0	0.278	2.847	5.83402	0.230484	1	1	1
32.0	25.0	29.0	35.0	0.961	1.868	0.508417	0.217886	2	2	2
33.0	23.0	30.0	32.0	0.905	0.522	0.533082	0.860763	3	3	3
31.0	22.0	30.0	30.0	1.6036	2.719	0.257723	0.547389	2	2	2
32.0	33.0	30.0	42.0	1.635	0.598	0.102269	1.61181	1	1	1
32.0	24.0	33.0	28.0	0.1559	2.655	0.612536	1.66483	2	1	2
33.0	24.0	30.0	30.0	0.273	1.665	0.604612	0.261242	1	2	2
32.0	35.0	29.0	39.0	1.983	1.901	0.110737	0.45023	1	1	1
31.0	36.0	30.0	40.0	0.681	0.987	0.434305	0.702969	1	2	2
32.0	32.0	31.0	41.0	0.493	1.964	1.35341	0.452414	2	2	3
33.0	25.0	33.0	24.0	0.29	1.347	3.10226	0.672073	2	2	2
33.0	23.0	32.0	28.0	0.48	0.854	1.66312	0.441913	2	2	2
32.0	27.0	33.0	40.0	0.453	0.455	1.6876	0.497972	2	1	2
31.0	24.0	31.0	30.0	1.24	1.376	0.763063	0.415259	1	2	2
34.0	25.0	31.0	34.0	0.355	3.175	1.10859	0.426426	2	1	1
33.0	27.0	28.0	37.0	2.0	1.061	0.311562	0.0939339	1	1	2
33.0	24.0	30.0	37.0	0.764	0.841	0.659962	2.00915	2	2	2
32.0	24.0	30.0	32.0	1.621	1.796	0.201578	0.301159	2	2	3
30.0	26.0	31.0	37.0	1.205	2.316	0.158415	0.141273	1	2	6
32.0	23.0	31.0	38.0	1.766	1.953	0.299947	0.17224	2	2	3
32.0	35.0	29.0	41.0	2.294	3.267	0.33879	0.331703	2	2	4
32.0	27.0	32.0	39.0	1.544	0.666	0.757555	7.40094	4	1	1
32.0	31.0	31.0	39.0	0.7	0.7	1.74387	1.74387	1	2	1
32.0	23.0	31.0	28.0	1.061	0.871	1.2354	0.452767	2	1	2
34.0	24.0	31.0	26.0	1.415	1.175	0.774765	0.487847	2	2	2
32.0	25.0	30.0	27.0	2.42	3.603	0.161687	0.354753	2	1	3
33.0	23.0	31.0	36.0	1.221	1.672	0.207496	0.221368	1	2	3
33.0	26.0	32.0	37.0	0.731	0.405	0.362407	50.4659	1	1	1
31.0	27.0	30.0	25.0	0.456	0.3459	12.8294	18.2646	2	1	1
34.0	23.0	33.0	28.0	0.961	1.621	0.508417	0.201578	2	2	2
33.0	35.0	32.0	40.0	0.539	1.633	0.357476	0.665483	2	1	2
32.0	22.0	31.0	31.0	0.59	1.995	0.400877	0.348978	2	2	2
32.0	21.0	31.0	27.0	0.2764	1.536	9.24573	0.308836	1	1	1
33.0	22.0	32.0	32.0	0.704	1.423	0.404151	1.31041	2	1	2
32.0	38.0	30.0	40.0	2.206	3.846	0.221032	0.311191	2	2	2
32.0	24.0	32.0	36.0	0.381	0.831	0.287366	3.35213	2	1	1
34.0	29.0	32.0	37.0	0.831	0.625	0.344368	5.59954	1	1	1
32.0	24.0	30.0	28.0	1.611	0.6657	0.413259	1.40807	2	2	2
32.0	32.0	30.0	41.0	2.581	2.125	0.211685	0.124392	2	2	1
32.0	23.0	30.0	31.0	0.505	2.335	0.380323	0.218755	2	2	2
31.0	25.0	30.0	25.0	0.738	0.908	0.288069	0.536605	2	2	2
31.0	26.0	31.0	41.0	0.738	1.721	0.288069	0.218666	1	2	2
30.0	22.0	31.0	38.0	1.621	0.979	0.293749	1.51132	1	1	1
30.0	35.0	30.0	40.0	0.316	1.755	0.449133	0.22039	2	2	2
33.0	26.0	33.0	34.0	1.518	0.25	0.999589	0.341367	2	1	2
32.0	26.0	30.0	29.0	2.206	0.683	0.221032	1.662	1	1	2
33.0	26.0	33.0	39.0	0.765	1.26	0.485437	0.236741	2	2	2
31.0	30.0	30.0	40.0	1.558	0.742	0.251899	0.364802	1	1	2
31.0	29.0	31.0	37.0	0.935	0.544	0.420734	0.426677	1	2	2
33.0	25.0	32.0	34.0	0.401	2.509	3.76953	0.279625	2	1	1
33.0	28.0	31.0	38.0	3.331	0.392	0.22646	0.700332	1	1	1
32.0	27.0	29.0	39.0	0.653	1.018	0.386725	2.12747	1	1	2
33.0	26.0	31.0	29.0	0.536	1.383	2.15624	0.134254	1	1	1
31.0	22.0	32.0	32.0	1.662	0.497	0.213259	1.19279	2	1	3
34.0	39.0	31.0	40.0	0.51	1.216	0.685169	13.8338	2	1	1
32.0	34.0	29.0	43.0	2.5845	3.099	0.859919	0.373734	2	2	2
27.0	27.0	40.0	42.0	1.963	1.166	0.321374	0.420441	3	3	3
32.0	25.0	31.0	38.0	0.689	2.8102	1.3421	0.681992	2	2	2
33.0	25.0	30.0	28.0	0.647	1.027	0.412141	0.685206	2	1	1
31.0	22.0	31.0	29.0	0.451	3.702	0.502772	0.144897	2	2	3
33.0	30.0	31.0	37.0	3.368	0.613	0.516442	0.308779	2	1	2
33.0	25.0	30.0	26.0	0.523	0.648	19.3431	0.456607	1	1	1
30.0	24.0	30.0	27.0	1.011	1.22	0.285541	0.396929	2	2	2
32.0	22.0	34.0	36.0	2.769	1.934	0.478144	0.214051	2	2	3
31.0	23.0	30.0	28.0	1.694	0.874	0.168433	0.282778	0	2	4
34.0	25.0	30.0	23.0	1.016	1.251	0.740703	0.711588	2	2	2
28.0	20.0	35.0	33.0	1.481	0.195	0.156576	0.483078	1	1	2
33.0	28.0	31.0	37.0	0.355	2.32	0.659192	1.64963	2	1	2
33.0	26.0	30.0	33.0	0.665	1.278	0.997226	0.47394	2	1	4
31.0	28.0	33.0	40.0	2.559	0.5337	0.23783	1.09735	1	1	1
30.0	34.0	30.0	41.0	1.006	1.013	0.29465	0.291246	2	2	3
33.0	33.0	33.0	41.0	0.298	2.417	3.84639	0.393999	2	1	1
33.0	23.0	30.0	27.0	0.444	0.213	0.354749	1.96637	2	2	3
33.0	25.0	31.0	34.0	0.536	0.612	2.15624	1.2489	2	1	2
33.0	33.0	30.0	37.0	0.63	2.248	1.36862	0.204728	1	1	1
7.0	24.0	40.0	37.0	1.092	0.6705	0.204717	1.97629	2	1	1
33.0	23.0	31.0	27.0	1.221	2.474	0.207496	0.273386	0	2	2
31.0	30.0	30.0	40.0	1.626	0.666	0.168881	7.40094	2	1	1
31.0	22.0	31.0	28.0	0.628	1.256	0.377501	0.532132	1	2	1
33.0	25.0	30.0	31.0	2.123	0.708	0.283005	2.06607	2	1	2
32.0	23.0	29.0	29.0	1.255	1.671	0.373481	0.201594	1	2	2
31.0	28.0	30.0	41.0	0.107	0.668	2.2773	1.47458	2	2	2
32.0	29.0	33.0	38.0	0.759	1.381	0.858671	2.564	1	1	2
34.0	24.0	32.0	29.0	2.333	2.569	0.343467	0.0688426	1	1	3
32.0	32.0	33.0	42.0	0.236	1.679	1.08151	0.087268	1	1	1
33.0	30.0	31.0	38.0	0.71	2.921	0.310236	0.203283	0	1	3
33.0	25.0	29.0	32.0	2.3036	2.349	1.2518	0.595946	2	2	2
34.0	35.0	31.0	42.0	1.041	0.513	0.450272	1.9301	2	2	2
31.0	23.0	30.0	27.0	0.7064	0.757	1.89377	0.36827	2	1	1
32.0	27.0	30.0	35.0	0.432	0.7364	0.722514	3.53612	3	1	3
32.0	24.0	30.0	26.0	0.905	2.3134	0.533082	0.905206	2	2	2
32.0	25.0	30.0	31.0	1.611	1.018	0.203097	2.12747	1	1	1
31.0	34.0	31.0	37.0	1.005	0.509	0.305155	1.1146	1	1	2
33.0	24.0	32.0	29.0	3.203	1.686	0.253831	0.16852	2	2	3
33.0	28.0	32.0	38.0	0.5218	0.644	16.3933	0.841705	2	1	1
34.0	27.0	32.0	36.0	0.974	1.4156	0.427946	1.01347	2	2	2
30.0	28.0	29.0	39.0	0.831	0.667	3.35213	0.56479	2	2	2
33.0	23.0	31.0	28.0	1.013	1.473	0.393722	0.431899	2	2	2
32.0	23.0	29.0	30.0	0.346	0.666	1.84528	1.15797	1	2	2
32.0	31.0	29.0	39.0	1.065	1.934	0.332496	0.214051	3	3	3
33.0	26.0	30.0	39.0	1.921	0.605	0.425728	0.351463	3	3	3
33.0	28.0	32.0	26.0	0.958	1.016	2.24472	0.740703	2	2	2
33.0	23.0	31.0	29.0	0.609	0.907	3.44128	3.47118	2	1	2
31.0	25.0	31.0	29.0	0.875	0.54	0.541315	0.773786	2	2	3
32.0	38.0	31.0	38.0	0.737	1.834	3.1494	0.244083	2	1	2
33.0	25.0	31.0	26.0	1.244	1.057	0.797372	10.2122	4	4	5
31.0	22.0	31.0	34.0	0.979	2.509	1.51132	0.279625	2	2	2
33.0	23.0	32.0	36.0	0.731	1.188	3.88096	0.62662	2	2	2
31.0	29.0	30.0	38.0	1.526	0.229	1.29791	0.271338	1	2	2
33.0	36.0	30.0	36.0	1.023	0.334	1.5099	1.00743	1	2	2
33.0	27.0	31.0	39.0	0.778	0.734	0.70956	4.01281	2	1	2
31.0	24.0	29.0	26.0	0.514	1.359	0.341527	0.354169	2	2	2
34.0	30.0	32.0	36.0	0.7064	1.065	1.89377	1.34041	1	1	2
33.0	22.0	30.0	33.0	0.635	0.48	0.338111	1.88797	2	2	2
31.0	28.0	30.0	27.0	0.829	1.099	0.338758	1.68364	3	2	2
33.0	26.0	32.0	27.0	1.614	1.299	0.174133	0.334642	1	2	4
32.0	33.0	30.0	36.0	0.587	0.755	1.45014	8.62294	3	1	2
30.0	30.0	28.0	37.0	0.541	0.737	0.600214	4.3721	1	1	3
31.0	25.0	31.0	38.0	0.718	0.613	11.4732	1.18072	2	1	1
31.0	24.0	30.0	38.0	1.226	1.679	0.47979	0.51908	2	2	2
32.0	36.0	32.0	40.0	1.662	1.256	0.586948	0.835015	1	1	3
32.0	26.0	30.0	23.0	0.884	1.105	1.98704	0.45973	1	1	1
33.0	25.0	32.0	27.0	0.828	1.937	0.363539	0.175062	0	2	2
31.0	29.0	30.0	42.0	0.496	1.166	0.790721	1.60713	2	2	2
33.0	26.0	33.0	30.0	3.618	0.501	0.802343	1.16825	2	2	1
33.0	38.0	31.0	38.0	0.815	0.769	0.425439	0.567811	1	1	1
32.0	30.0	31.0	40.0	1.604	1.909	0.219937	0.626104	1	2	2
32.0	25.0	31.0	29.0	0.938	1.538	0.283026	0.172913	2	2	1
35.0	21.0	31.0	31.0	1.874	2.6489	0.197781	0.615065	2	2	2
32.0	30.0	30.0	38.0	0.737	0.681	3.1494	6.17937	4	2	3
33.0	34.0	31.0	39.0	0.887	0.593	0.271136	0.379464	2	2	2
34.0	33.0	33.0	37.0	1.191	2.1934	0.488884	0.587077	4	2	2
32.0	35.0	28.0	37.0	2.313	1.074	0.194241	0.599968	1	3	3
32.0	34.0	30.0	40.0	1.312	0.453	0.338495	0.817153	2	2	3
34.0	26.0	31.0	39.0	1.2131	0.555	0.167746	0.268093	1	1	3
33.0	25.0	32.0	40.0	0.731	0.507	0.467468	0.330071	2	2	2
34.0	25.0	32.0	27.0	0.39	2.31	0.934812	0.210544	1	1	2
33.0	23.0	32.0	33.0	1.31	0.761	0.299133	0.532156	2	2	1
32.0	27.0	30.0	25.0	0.891	0.5246	0.224797	2.80325	1	1	1
32.0	26.0	31.0	30.0	2.297	1.6102	0.214978	0.441505	1	1	2
33.0	23.0	32.0	27.0	1.043	1.058	2.87864	0.488043	2	2	3
31.0	28.0	30.0	36.0	0.708	0.9789	0.623655	1.50513	2	2	3
34.0	35.0	31.0	43.0	2.406	1.213	0.217179	0.695601	2	2	2
33.0	28.0	30.0	40.0	0.441	0.828	0.849684	0.363539	1	1	1
33.0	32.0	30.0	40.0	1.162	0.5	0.884758	0.340883	1	3	3
31.0	29.0	30.0	41.0	0.686	1.927	1.00704	0.487274	1	2	2
33.0	25.0	32.0	28.0	1.806	1.381	0.578541	2.564	1	2	1
32.0	21.0	30.0	31.0	1.638	1.903	0.265896	0.628544	3	3	2
31.0	24.0	30.0	29.0	1.98	1.612	0.200739	1.02961	3	1	2
33.0	30.0	32.0	39.0	0.457	1.6094	0.558199	0.782029	2	1	2
34.0	21.0	31.0	32.0	1.613	1.025	4.47701	0.3593	2	1	1
31.0	27.0	30.0	25.0	1.509	2.005	0.217852	0.466074	2	1	1
31.0	26.0	30.0	34.0	0.654	0.422	1.21729	0.388961	2	1	1
33.0	25.0	32.0	37.0	0.456	0.473	12.8294	0.235349	1	1	1
33.0	26.0	31.0	40.0	0.539	2.769	2.03547	0.190368	2	1	1
35.0	27.0	31.0	36.0	1.844	1.058	0.35169	0.488043	2	2	3
32.0	22.0	32.0	28.0	1.948	2.5763	0.182079	0.421124	0	1	1
33.0	24.0	32.0	25.0	1.9403	0.911	1.08691	0.883508	3	2	2
33.0	30.0	31.0	42.0	1.689	0.285	0.266072	0.381371	0	4	7
32.0	25.0	29.0	28.0	0.975	0.351	0.33961	0.435606	1	2	2
33.0	24.0	30.0	30.0	1.027	1.2965	0.685206	1.19274	4	3	2
32.0	22.0	32.0	31.0	2.4284	1.72	1.09067	0.163306	1	1	1
31.0	31.0	31.0	40.0	4.644	1.911	0.405731	0.291905	2	2	2
32.0	34.0	41.0	43.0	1.92	0.301	0.190862	0.496694	2	2	2
33.0	23.0	30.0	32.0	0.983	2.441	0.192663	0.909914	4	2	2
33.0	24.0	31.0	36.0	1.6011	0.677	0.604918	1.99567	2	2	2
31.0	22.0	31.0	27.0	1.001	3.19	0.552274	0.258893	2	2	2
32.0	32.0	31.0	39.0	0.731	0.499	4.99158	3.44533	3	2	2
32.0	29.0	30.0	39.0	1.101	0.992	2.00383	0.75507	2	2	3
32.0	23.0	31.0	26.0	0.493	1.441	1.35341	0.477909	2	2	2
33.0	34.0	30.0	37.0	0.56	0.171	2.00744	99.2958	1	1	1
33.0	38.0	31.0	41.0	0.485	2.05	0.654283	0.410914	1	2	1
33.0	38.0	31.0	33.0	0.523	0.451	27.3829	0.748708	1	1	1
34.0	39.0	28.0	39.0	0.579	0.8479	0.785402	2.28156	2	2	2
30.0	29.0	31.0	38.0	1.381	0.998	0.363637	8.22879	3	2	3
33.0	35.0	31.0	36.0	0.884	0.324	1.98704	0.31191	1	1	1
34.0	27.0	32.0	27.0	0.2475	1.92	2.13289	0.113829	1	1	1
33.0	22.0	31.0	35.0	1.673	0.887	0.269877	0.476	2	2	3
32.0	27.0	28.0	38.0	2.334	1.025	0.308088	1.35416	2	2	2
33.0	28.0	32.0	37.0	1.018	0.591	2.12747	0.25998	2	1	1
33.0	25.0	30.0	39.0	0.998	0.659	8.22879	0.335613	2	2	3
33.0	34.0	32.0	41.0	2.637	0.636	0.254802	1.14464	2	2	3
33.0	23.0	32.0	32.0	1.61	0.668	0.35827	1.11202	2	2	2
29.0	28.0	28.0	39.0	1.012	0.884	1.11201	1.98704	2	2	2
31.0	23.0	30.0	38.0	0.741	1.708	1.88461	0.523281	2	2	2
33.0	31.0	30.0	42.0	2.001	0.705	0.226172	0.455278	2	2	3
31.0	29.0	31.0	40.0	0.451	2.367	0.502772	0.494365	2	2	3
32.0	34.0	32.0	36.0	0.734	1.315	1.2846	0.198058	1	1	1
31.0	35.0	31.0	38.0	1.009	0.729	0.197607	0.541984	2	1	2
33.0	27.0	32.0	32.0	1.673	1.295	0.494662	0.0661376	1	1	2
31.0	24.0	30.0	39.0	1.316	0.54	0.316312	0.773786	2	2	3
32.0	23.0	30.0	33.0	1.256	0.823	0.532132	0.331279	2	2	2
33.0	26.0	31.0	29.0	0.967	0.213	1.61927	0.368316	2	1	1
33.0	25.0	30.0	34.0	0.229	0.665	0.271338	5.79587	1	1	1
33.0	30.0	31.0	36.0	0.7064	0.369	1.89377	57.6909	1	1	1
29.0	35.0	30.0	37.0	2.559	0.545	0.278653	118.51	1	1	1
30.0	29.0	30.0	41.0	1.8761	0.668	1.54913	1.11202	2	2	2
33.0	32.0	30.0	42.0	2.34	2.096	0.165447	0.350369	2	2	2
33.0	36.0	33.0	37.0	2.784	0.258	0.0646875	0.7084	1	1	2
33.0	25.0	30.0	34.0	2.691	2.474	0.559108	0.273386	1	2	2
34.0	36.0	30.0	42.0	0.925	2.389	0.3223	0.213831	2	2	2
30.0	24.0	31.0	27.0	2.2456	2.123	0.285871	0.283005	2	2	2
27.0	36.0	40.0	40.0	1.92	1.377	0.190862	1.32383	2	1	1
32.0	28.0	30.0	39.0	0.7318	2.316	8.72595	0.24695	2	1	1
33.0	27.0	33.0	39.0	0.401	2.438	3.76953	0.36964	2	1	1
33.0	36.0	31.0	38.0	2.624	2.493	0.331659	0.141737	2	2	3
33.0	22.0	31.0	31.0	0.522	0.566	0.860763	0.287121	2	2	2
34.0	37.0	32.0	40.0	0.625	1.058	5.59954	0.85681	2	1	1
32.0	25.0	33.0	28.0	1.043	1.989	2.87864	0.561147	2	2	2
32.0	25.0	30.0	36.0	0.508	1.897	0.463172	0.379893	2	2	2
34.0	36.0	30.0	40.0	2.362	0.529	0.207266	0.459136	1	3	3
32.0	25.0	32.0	28.0	1.037	0.502	0.33858	0.219108	2	2	2
34.0	35.0	29.0	39.0	1.687	1.098	0.525717	1.19238	1	2	2
32.0	25.0	29.0	33.0	1.144	2.52	0.240687	0.111995	0	2	3
32.0	26.0	30.0	26.0	1.605	0.607	0.7103	0.423761	1	1	2
33.0	22.0	29.0	31.0	2.419	0.378	0.663998	0.377367	3	2	2
32.0	28.0	30.0	37.0	0.548	2.329	2.74056	0.209404	1	1	1
33.0	25.0	32.0	37.0	3.652	0.541	0.435947	0.600214	3	3	2
31.0	26.0	31.0	39.0	2.05	0.4466	0.410914	1.88152	2	2	2
29.0	31.0	30.0	37.0	0.339	0.737	1.4495	1.9451	2	1	2
33.0	25.0	32.0	37.0	0.459	2.2456	1.70088	0.285871	2	2	2
31.0	24.0	31.0	35.0	0.481	0.4247	1.68018	1.22263	1	2	2
33.0	23.0	32.0	31.0	2.726	1.043	0.424107	3.42082	0	2	1
29.0	24.0	24.0	28.0	1.017	1.174	-99.0	0.399122	1	1	5
31.0	23.0	29.0	28.0	0.569	0.48	0.368835	1.88797	2	1	1
31.0	26.0	30.0	28.0	0.737	1.834	3.1494	0.244083	2	1	1
33.0	24.0	29.0	38.0	2.569	0.702	0.0688426	0.217228	0	2	4
35.0	22.0	30.0	26.0	2.4023	1.526	2.41499	1.29791	2	2	2
32.0	21.0	30.0	30.0	0.735	1.381	7.38786	2.564	2	1	1
33.0	24.0	31.0	36.0	1.429	0.985	0.30428	0.203736	4	3	2
32.0	35.0	30.0	40.0	2.163	0.451	0.110717	1.60955	2	1	2
31.0	23.0	30.0	28.0	0.314	0.875	0.512048	0.541315	2	2	2
33.0	23.0	31.0	34.0	1.22	1.705	0.273525	0.445692	1	2	2
31.0	27.0	28.0	38.0	0.3331	0.229	1.36215	0.48491	2	1	2
30.0	24.0	30.0	32.0	1.931	2.624	1.06427	0.331659	1	3	3
33.0	27.0	33.0	36.0	2.329	1.6138	0.209404	0.427994	1	1	2
30.0	21.0	30.0	32.0	1.1097	0.6799	1.25229	2.5589	2	2	2
32.0	25.0	30.0	38.0	0.77	1.272	1.31963	0.608269	2	2	2
34.0	25.0	32.0	40.0	2.118	0.236	0.513796	1.08151	2	2	1
34.0	31.0	29.0	40.0	1.055	0.891	0.346359	0.224797	1	2	3
33.0	30.0	31.0	40.0	1.625	0.401	0.622356	3.76953	1	2	2
31.0	34.0	31.0	40.0	1.359	1.549	0.354169	0.389504	2	2	2
33.0	31.0	32.0	39.0	2.412	0.7662	0.232803	0.925765	1	2	1
32.0	25.0	31.0	39.0	1.593	0.5471	0.10153	2.33635	1	1	3
31.0	21.0	30.0	39.0	1.994	2.441	0.388587	0.909914	2	2	3
33.0	38.0	31.0	37.0	1.927	0.981	0.487274	0.370089	2	1	2
31.0	23.0	30.0	29.0	2.033	2.031	0.318335	0.207855	2	2	2
30.0	21.0	30.0	29.0	2.689	0.598	0.222416	1.61181	1	1	1
32.0	25.0	30.0	40.0	2.002	0.604	0.223932	0.288403	2	2	3
33.0	31.0	32.0	39.0	1.608	1.036	0.220299	0.966076	1	1	1
45.0	35.0	26.0	41.0	0.502	1.635	0.219108	0.102269	3	3	2
31.0	25.0	29.0	37.0	1.332	2.366	0.229583	0.233561	1	2	5
34.0	28.0	31.0	37.0	1.61	1.812	0.136051	0.22315	3	2	4
31.0	29.0	31.0	42.0	0.741	1.256	0.931715	0.835015	2	2	2
33.0	41.0	32.0	41.0	1.633	2.472	0.665483	0.0506001	1	1	1
33.0	28.0	33.0	38.0	2.059	2.52	0.157016	0.111995	1	2	3
35.0	30.0	32.0	37.0	1.964	0.654	0.484341	1.21729	2	1	1
30.0	24.0	30.0	28.0	1.411	0.514	0.363004	1.05878	1	1	1
33.0	23.0	32.0	30.0	1.314	0.491	0.186183	0.394727	1	1	2
30.0	25.0	30.0	41.0	2.6503	2.559	0.556949	0.23783	0	1	2
34.0	28.0	31.0	38.0	0.656	2.5554	0.300871	0.485969	3	1	3
33.0	35.0	32.0	38.0	2.0799	1.511	0.467637	1.01774	1	2	3
30.0	25.0	31.0	25.0	1.806	0.438	0.578541	17.2708	2	1	1
30.0	28.0	31.0	42.0	0.6646	4.644	2.1642	0.405731	2	2	2
32.0	30.0	29.0	38.0	1.906	2.233	0.407505	0.145438	1	1	2
31.0	35.0	30.0	41.0	1.897	3.724	0.379893	0.318016	2	2	2
33.0	24.0	31.0	32.0	1.272	0.731	0.608269	0.362407	2	2	2
33.0	24.0	30.0	31.0	1.093	3.132	0.148806	0.591698	1	1	2
33.0	30.0	31.0	40.0	0.7712	0.907	8.55637	1.28898	2	1	2
33.0	37.0	32.0	35.0	1.2171	2.5845	1.41307	0.859919	2	1	1
33.0	26.0	32.0	28.0	0.797	1.605	0.257607	0.7103	1	2	2
32.0	23.0	30.0	38.0	0.534	1.188	1.8633	0.584737	3	1	3
30.0	23.0	30.0	32.0	0.974	0.951	0.427946	0.518435	2	1	3
32.0	23.0	32.0	35.0	1.039	0.556	2.95084	0.476351	2	2	2
30.0	26.0	31.0	38.0	3.339	1.06	0.349263	0.58516	3	2	3
30.0	29.0	30.0	41.0	0.7363	0.974	0.66406	0.579518	2	2	2
31.0	26.0	30.0	33.0	0.665	1.227	5.79587	0.538721	2	1	1
33.0	27.0	31.0	39.0	0.665	0.725	14.4305	0.361464	1	1	1
33.0	32.0	31.0	39.0	1.333	0.501	0.96011	0.879211	2	2	2
32.0	24.0	29.0	37.0	2.8184	0.746	0.919769	0.944878	2	2	3
34.0	21.0	31.0	35.0	0.561	0.769	0.301957	0.372976	2	2	2
30.0	36.0	30.0	38.0	0.705	1.362	1.20301	0.31984	1	1	1
33.0	23.0	33.0	33.0	0.863	0.605	0.701922	18.5945	2	1	1
31.0	18.0	30.0	29.0	0.273	0.598	0.604612	1.61181	3	2	2
32.0	24.0	32.0	31.0	1.251	4.811	0.711588	1.0135	1	1	2
33.0	24.0	32.0	32.0	2.412	1.222	0.232803	1.84259	1	1	1
31.0	25.0	30.0	26.0	1.324	0.533	0.144441	24.218	1	1	1
32.0	24.0	34.0	34.0	1.8834	0.842	0.442366	1.27511	2	2	2
32.0	26.0	29.0	29.0	0.518	1.728	1.02961	0.34835	2	2	3
35.0	21.0	30.0	29.0	1.482	0.428	0.32217	0.303266	2	2	3
31.0	19.0	30.0	40.0	1.829	1.017	0.852677	-99.0	1	1	6
30.0	34.0	30.0	35.0	1.009	2.3036	1.01234	1.2518	2	1	2
33.0	26.0	31.0	41.0	0.654	0.599	1.21729	0.628875	2	2	2
33.0	32.0	31.0	38.0	0.745	1.564	1.32482	0.411634	1	1	1
33.0	29.0	32.0	35.0	1.215	2.173	0.593742	0.244144	2	1	1
31.0	26.0	32.0	36.0	1.055	0.667	0.567729	0.56479	2	1	2
32.0	23.0	29.0	34.0	3.776	0.585	0.414647	0.367681	2	2	2
33.0	27.0	31.0	31.0	0.72	1.964	2.12995	0.484341	1	1	1
35.0	34.0	32.0	41.0	1.78	2.019	0.218701	0.466947	2	2	1
31.0	24.0	30.0	28.0	0.668	1.088	22.3306	6.32744	2	1	2
29.0	23.0	29.0	35.0	0.468	1.331	0.616341	1.16088	1	1	1
32.0	36.0	30.0	40.0	0.321	2.123	0.475787	0.283005	1	2	2
34.0	22.0	32.0	29.0	1.362	0.208	0.737767	0.301691	1	2	2
31.0	23.0	29.0	33.0	0.625	0.782	5.59954	0.260432	3	1	1
31.0	33.0	30.0	40.0	0.35	1.784	4.09666	0.15771	2	2	3
33.0	23.0	31.0	29.0	1.576	0.615	0.320803	17.4243	2	1	1
33.0	29.0	30.0	42.0	1.043	1.94	2.87864	0.200749	1	2	2
33.0	27.0	32.0	37.0	1.754	1.911	0.342668	0.291905	1	1	2
33.0	32.0	32.0	39.0	1.321	0.815	0.29518	0.425439	1	1	1
32.0	34.0	33.0	37.0	1.994	1.306	0.157456	0.952933	1	1	2
33.0	23.0	31.0	27.0	2.726	0.738	0.424107	0.288069	1	2	2
31.0	35.0	31.0	36.0	0.955	1.511	4.95381	1.01774	1	1	1
33.0	28.0	31.0	38.0	1.624	0.334	0.244993	1.00743	2	1	2
34.0	25.0	32.0	34.0	1.415	0.106	0.774765	5.80748	2	1	1
32.0	35.0	31.0	39.0	1.039	0.975	2.95084	0.33961	1	1	1
33.0	26.0	29.0	35.0	2.407	1.4	0.260086	0.468326	2	2	2
31.0	27.0	30.0	37.0	0.514	0.995	1.96139	4.73557	3	2	2
33.0	25.0	31.0	35.0	0.637	0.382	1.08108	23.1314	2	1	1
31.0	27.0	28.0	28.0	2.8645	0.855	0.48701	0.4034	2	3	4
30.0	34.0	30.0	37.0	1.327	0.96	1.86245	0.540236	2	1	3
31.0	22.0	31.0	33.0	1.224	0.89	0.568826	0.569171	2	2	2
32.0	35.0	30.0	39.0	1.019	0.627	1.76936	4.0873	2	2	2
33.0	26.0	33.0	32.0	2.509	0.894	0.279625	2.47857	2	1	1
31.0	23.0	29.0	25.0	0.539	2.402	0.357476	0.406101	3	3	2
33.0	26.0	31.0	39.0	2.718	2.6489	0.331737	0.615065	2	2	2
31.0	38.0	30.0	38.0	0.951	2.337	1.27012	0.270079	2	2	1
30.0	26.0	31.0	32.0	0.576	1.644	0.608989	0.705653	1	1	1
33.0	26.0	31.0	29.0	0.889	2.535	0.542746	0.257594	2	2	3
31.0	24.0	31.0	26.0	1.705	1.346	0.445692	0.659956	3	2	2
31.0	34.0	30.0	41.0	3.481	2.801	0.312642	0.196036	0	2	1
30.0	23.0	29.0	28.0	1.017	0.524	0.602563	5.71779	1	1	1
33.0	26.0	33.0	32.0	0.96	0.708	0.540236	0.623655	3	1	1
34.0	21.0	31.0	33.0	2.454	0.987	0.140256	0.811941	3	3	3
30.0	24.0	32.0	33.0	2.516	0.171	0.338074	99.2958	1	1	1
32.0	35.0	30.0	38.0	0.894	0.5337	2.47857	1.09735	2	2	2
32.0	21.0	32.0	32.0	1.681	1.62	0.183553	0.434846	1	2	3
32.0	24.0	31.0	31.0	0.103	0.473	641.193	6.21512	1	1	1
33.0	25.0	32.0	28.0	0.334	0.529	0.808169	0.459136	1	1	1
32.0	33.0	31.0	38.0	0.979	0.758	1.51132	0.281228	2	1	2
32.0	25.0	30.0	38.0	1.593	0.482	0.10153	0.941223	1	1	2
31.0	27.0	30.0	35.0	0.465	2.329	1.00422	0.209404	1	1	2
34.0	28.0	31.0	38.0	1.432	1.189	0.126137	0.949618	1	1	2
31.0	28.0	29.0	40.0	0.324	0.636	0.31191	0.348158	1	2	2
31.0	27.0	30.0	38.0	1.21	1.098	0.443885	0.498573	2	2	2
32.0	24.0	31.0	31.0	2.297	2.931	0.214978	0.199931	1	2	2
33.0	30.0	31.0	39.0	0.368	1.381	6.68551	0.363637	3	2	2
34.0	31.0	31.0	40.0	1.697	1.179	0.234797	1.77476	2	2	2
31.0	32.0	30.0	40.0	0.529	1.694	0.698888	0.168433	2	2	1
32.0	25.0	31.0	26.0	3.943	0.734	0.443006	44.9924	2	1	1
33.0	22.0	30.0	26.0	0.743	1.303	0.497708	0.214331	1	1	1
32.0	27.0	30.0	26.0	0.165	2.536	0.338732	0.878338	2	1	0
31.0	22.0	30.0	32.0	0.682	1.919	0.429002	0.16733	3	3	3
33.0	26.0	33.0	33.0	0.607	0.695	0.423761	1.69039	1	1	1
30.0	36.0	31.0	40.0	3.504	1.122	0.355183	0.212233	3	4	3
25.0	24.0	28.0	36.0	1.602	2.173	0.310856	0.244144	1	2	3
33.0	34.0	31.0	38.0	1.024	0.1559	1.20375	0.612536	2	1	1
33.0	23.0	32.0	36.0	0.959	0.514	0.87953	0.341527	0	2	4
33.0	28.0	30.0	26.0	1.665	2.693	0.261242	0.488883	2	1	2
33.0	27.0	32.0	39.0	0.534	0.538	1.8633	1.22867	2	2	2
32.0	23.0	31.0	27.0	1.103	0.1032	0.84236	151.622	1	1	2
34.0	31.0	32.0	36.0	1.728	0.544	0.34835	0.426677	2	1	1
30.0	22.0	30.0	35.0	3.444	1.679	0.690153	0.087268	1	1	1
33.0	25.0	31.0	31.0	1.037	1.9182	2.14194	0.255011	2	2	2
32.0	36.0	30.0	39.0	1.643	0.351	0.231833	0.435606	1	2	2
32.0	37.0	30.0	38.0	1.101	2.059	2.00383	0.157016	2	1	2
35.0	25.0	29.0	31.0	1.716	1.311	0.121499	2.22005	2	1	1
32.0	24.0	31.0	26.0	1.349	1.755	0.194458	0.50196	0	2	3
31.0	23.0	29.0	25.0	0.213	1.226	1.96637	0.34734	1	1	1
31.0	24.0	30.0	35.0	3.326	0.927	0.492917	0.51015	2	2	2
33.0	32.0	31.0	38.0	0.823	0.714	0.331279	2.11101	2	1	2
34.0	27.0	30.0	18.0	0.961	2.447	0.508417	0.212636	3	3	2
31.0	34.0	30.0	40.0	1.441	3.652	0.477909	0.435947	2	3	2
32.0	35.0	31.0	40.0	0.497	2.253	1.19279	0.271124	1	1	2
30.0	23.0	31.0	37.0	0.936	1.915	0.537299	0.27179	2	2	2
33.0	31.0	32.0	38.0	0.473	1.014	0.235349	0.237686	2	1	1
32.0	29.0	29.0	37.0	0.5246	0.671	2.80325	1.27157	2	2	1
30.0	28.0	31.0	39.0	0.523	0.539	27.3829	2.03547	2	1	1
31.0	26.0	30.0	37.0	0.64	0.515	0.577043	0.649233	1	2	2
32.0	22.0	30.0	32.0	0.647	1.222	0.625335	1.84259	2	2	1
32.0	27.0	33.0	24.0	2.006	1.105	0.381227	0.45973	1	2	2
32.0	22.0	30.0	37.0	0.487	0.736	26.1884	8.752	2	2	2
33.0	34.0	31.0	36.0	0.543	2.673	0.456335	0.453494	0	1	1
33.0	27.0	31.0	28.0	0.196	1.054	0.545148	0.149693	2	1	1
34.0	21.0	32.0	36.0	0.678	0.6697	0.91377	1.66342	2	2	3
33.0	30.0	32.0	25.0	0.517	2.667	0.480455	0.512372	2	3	3
33.0	35.0	31.0	37.0	0.6676	1.22	15.2096	0.396929	2	1	1
35.0	24.0	32.0	26.0	0.714	0.514	2.11101	1.96139	2	2	2
33.0	24.0	32.0	29.0	1.966	0.736	0.123256	0.866754	1	1	1
32.0	23.0	30.0	28.0	0.368	1.263	6.68551	0.318942	1	1	1
33.0	32.0	29.0	38.0	1.045	1.8761	3.14745	1.54913	1	2	1
33.0	32.0	30.0	39.0	1.003	0.5246	0.967002	2.80325	2	1	1
18.0	24.0	5.0	38.0	1.779	0.33	0.0207788	0.4767	1	1	1
31.0	30.0	31.0	43.0	2.428	2.329	0.215958	0.180855	2	2	2
32.0	37.0	30.0	38.0	1.4	1.09	0.104295	0.355303	1	1	2
33.0	35.0	31.0	38.0	2.3134	0.972	0.905206	0.482847	1	1	1
33.0	25.0	31.0	34.0	0.479	1.006	0.884995	0.29465	1	1	2
33.0	24.0	32.0	26.0	1.022	0.524	4.94618	5.71779	3	3	2
33.0	38.0	31.0	40.0	0.497	0.577	41.4598	1.0452	2	1	1
31.0	38.0	30.0	38.0	0.484	0.981	0.313826	0.725237	3	2	2
32.0	26.0	31.0	38.0	0.278	3.21	5.83402	0.432786	2	1	1
33.0	28.0	31.0	38.0	3.21	2.295	0.289335	0.37435	2	2	4
31.0	34.0	30.0	42.0	2.402	0.5471	0.381888	2.33635	2	1	2
28.0	24.0	30.0	26.0	0.598	0.863	1.61181	1.2297	2	1	2
32.0	24.0	32.0	32.0	1.457	2.955	0.241001	0.0665688	1	2	2
33.0	26.0	31.0	38.0	0.5792	0.479	3.64503	0.884995	2	1	2
31.0	25.0	30.0	32.0	1.554	2.291	1.52279	0.597734	1	1	2
31.0	37.0	30.0	39.0	1.031	2.123	0.289413	0.283005	2	2	2
33.0	22.0	30.0	33.0	0.695	1.786	1.69039	0.12504	1	1	1
31.0	24.0	30.0	27.0	0.733	0.502	1.79422	0.379872	1	1	2
32.0	23.0	29.0	32.0	2.627	0.533	0.473511	24.218	1	1	1
33.0	34.0	29.0	38.0	0.338	2.035	1.09766	0.510314	2	2	3
31.0	22.0	30.0	27.0	0.692	1.621	0.806487	0.201578	2	2	2
30.0	23.0	17.0	33.0	0.502	0.95	0.219108	0.833346	3	3	2
36.0	25.0	30.0	31.0	1.812	0.347	0.22315	0.419537	2	2	2
30.0	24.0	30.0	29.0	2.535	1.649	0.257594	0.904256	2	1	1
34.0	25.0	33.0	33.0	1.041	2.18	0.450272	0.205472	2	2	2
32.0	32.0	28.0	42.0	1.03	1.039	0.83949	2.95084	2	1	1
34.0	30.0	29.0	42.0	2.1549	1.644	0.576313	0.225346	1	2	3
32.0	26.0	30.0	38.0	1.312	1.195	0.338495	0.227617	2	2	3
32.0	32.0	30.0	39.0	2.019	0.419	0.466947	1.24277	1	1	1
31.0	30.0	29.0	41.0	3.379	0.644	0.327138	0.478801	2	2	3
32.0	26.0	29.0	33.0	0.893	0.249	0.439096	0.397391	3	3	4
30.0	34.0	28.0	41.0	2.0	1.0832	0.311562	3.39527	2	1	1
30.0	8.0	33.0	37.0	1.621	4.336	0.293749	0.286372	1	2	3
31.0	22.0	29.0	32.0	2.018	0.5351	0.291599	10.8284	1	1	1
33.0	25.0	30.0	40.0	2.573	0.677	0.33044	1.99567	2	2	2
33.0	36.0	30.0	40.0	0.764	1.013	0.659962	0.393722	2	2	2
33.0	26.0	29.0	37.0	1.687	2.562	0.525717	0.475652	3	2	2
31.0	27.0	29.0	41.0	0.969	0.804	0.734703	0.42421	1	3	4
29.0	25.0	30.0	26.0	2.4677	0.409	0.637651	0.297894	1	1	2
43.0	25.0	34.0	30.0	0.733	0.968	1.49032	2.34043	2	2	2
33.0	24.0	33.0	34.0	0.91	1.266	1.55326	0.159844	1	1	1
33.0	26.0	32.0	35.0	0.211	0.138	0.455471	0.531353	1	1	2
31.0	30.0	30.0	40.0	1.626	0.922	0.168881	0.360458	1	2	3
33.0	31.0	32.0	38.0	0.721	1.311	0.794751	0.341491	2	1	3
34.0	23.0	31.0	36.0	0.782	0.514	0.260432	1.96139	2	1	2
33.0	25.0	29.0	36.0	0.512	2.059	1.06647	0.157016	2	1	2
32.0	28.0	29.0	24.0	1.943	3.731	0.526761	0.688963	1	1	1
33.0	26.0	31.0	31.0	0.5586	1.206	4.8525	1.2603	2	2	2
34.0	24.0	31.0	38.0	0.955	0.996	0.924123	1.04827	2	2	3
31.0	26.0	30.0	41.0	0.513	0.5792	1.9301	3.64503	2	2	2
30.0	36.0	29.0	38.0	0.444	2.306	4.29577	0.219158	3	1	2
31.0	26.0	31.0	38.0	1.224	1.255	0.568826	0.174851	1	1	2
31.0	26.0	32.0	31.0	1.256	1.612	0.835015	1.02961	1	1	2
33.0	24.0	31.0	30.0	0.27	2.111	0.495911	0.176366	1	1	4
32.0	26.0	30.0	37.0	2.619	0.27	0.307769	0.495911	2	3	2
33.0	29.0	30.0	38.0	1.09	2.005	0.355303	0.466074	2	2	2
31.0	21.0	31.0	32.0	1.224	1.022	0.568826	7.37182	2	1	1
34.0	22.0	30.0	32.0	2.688	2.391	0.647214	0.135384	4	1	1
32.0	24.0	31.0	30.0	0.347	2.559	1.41292	0.237417	2	1	1
32.0	25.0	30.0	24.0	1.089	1.62	0.616545	0.434846	1	2	2
32.0	32.0	31.0	41.0	0.899	0.7684	0.365564	4.74257	3	1	2
31.0	25.0	30.0	32.0	0.548	1.098	2.74056	0.498573	3	1	2
33.0	29.0	31.0	31.0	0.815	1.073	0.425439	0.245736	0	1	3
33.0	33.0	31.0	38.0	0.743	2.718	0.497708	0.662656	2	1	1
33.0	32.0	31.0	40.0	0.936	0.735	0.460549	16.9225	2	1	1
34.0	37.0	32.0	41.0	0.403	1.182	0.583495	1.09956	2	3	3
32.0	35.0	31.0	41.0	2.582	3.407	0.363249	0.420807	1	3	2
33.0	37.0	30.0	37.0	0.712	1.085	0.980173	1.70798	2	1	2
32.0	34.0	29.0	38.0	2.535	0.236	0.257594	1.08151	1	1	2
33.0	35.0	33.0	41.0	1.383	0.599	1.05414	0.628875	2	2	2
30.0	36.0	29.0	39.0	1.324	0.6481	2.73255	4.24328	2	1	2
33.0	25.0	33.0	27.0	0.636	0.737	0.348158	1.01127	1	2	2
32.0	26.0	31.0	25.0	0.533	1.568	24.218	0.231204	1	1	1
33.0	23.0	31.0	32.0	1.361	1.202	0.261571	1.08992	3	3	4
27.0	23.0	29.0	36.0	1.307	1.874	0.337222	0.514909	1	1	1
41.0	24.0	27.0	32.0	1.492	2.233	0.19812	0.145438	0	3	4
32.0	28.0	31.0	38.0	0.658	0.346	0.507713	1.84528	1	2	2
31.0	31.0	32.0	41.0	0.577	0.667	5.31986	8.90898	2	1	2
32.0	25.0	30.0	25.0	2.341	0.951	0.34366	1.27012	1	1	1
33.0	26.0	31.0	33.0	0.247	3.652	82.0064	0.435947	1	1	1
33.0	22.0	30.0	34.0	2.341	0.296	0.34366	97.2516	1	1	1
34.0	26.0	29.0	38.0	1.236	2.4485	0.227747	0.515165	2	1	2
33.0	22.0	32.0	27.0	0.33	1.834	0.940852	0.244083	1	2	2
33.0	34.0	31.0	40.0	2.6503	0.677	0.556949	0.761829	2	2	2
32.0	24.0	30.0	32.0	3.481	0.89	0.312642	0.544093	1	2	2
33.0	26.0	32.0	35.0	1.407	1.124	0.746976	0.854996	1	1	2
34.0	24.0	31.0	30.0	0.975	2.438	2.69511	0.173349	2	1	1
32.0	25.0	30.0	33.0	1.087	2.796	1.12454	0.289474	2	1	1
33.0	25.0	32.0	39.0	2.5771	1.65	0.499345	0.338427	2	2	2
30.0	27.0	30.0	35.0	3.444	0.2162	0.690153	6.58636	3	1	2
32.0	26.0	31.0	38.0	2.89	0.368	0.210378	0.612995	1	2	1
34.0	22.0	31.0	29.0	1.096	0.636	6.92251	0.348158	2	2	2
32.0	30.0	30.0	39.0	2.163	1.189	0.110717	0.438623	2	1	2
33.0	27.0	30.0	40.0	0.539	0.613	0.357476	0.308779	2	2	1
34.0	25.0	31.0	31.0	1.272	1.914	0.196129	0.323048	1	2	3
33.0	24.0	32.0	31.0	0.533	0.7638	1.00179	1.83489	2	2	2
31.0	31.0	29.0	36.0	2.32	1.073	1.64963	0.245736	1	1	1
30.0	28.0	30.0	39.0	1.536	0.667	0.416352	29.1164	1	1	1
33.0	25.0	33.0	40.0	1.27	1.2449	0.58613	2.1675	2	1	2
32.0	33.0	31.0	39.0	0.697	1.595	0.629502	0.429052	2	2	2
33.0	26.0	30.0	32.0	1.8761	0.413	1.54913	0.768433	2	1	2
31.0	24.0	31.0	36.0	0.593	0.987	0.201238	0.649745	1	1	1
31.0	23.0	30.0	30.0	1.037	1.357	4.54489	0.640444	3	1	1
32.0	29.0	29.0	39.0	2.554	1.611	0.337062	0.413259	3	2	2
29.0	23.0	31.0	36.0	2.204	2.619	0.152221	0.307769	2	1	2
33.0	28.0	33.0	37.0	0.286	1.025	17.1325	1.35416	2	1	1
33.0	24.0	31.0	33.0	1.216	0.392	13.8338	0.700332	1	1	1
33.0	24.0	31.0	30.0	0.663	1.942	2.71608	0.471535	2	1	2
34.0	35.0	30.0	41.0	0.595	2.171	0.522437	0.504995	2	2	2
32.0	36.0	31.0	37.0	1.306	0.612	0.952933	1.2489	2	2	2
33.0	24.0	31.0	34.0	1.903	2.319	0.330308	0.413943	3	2	4
34.0	25.0	31.0	28.0	1.149	0.852	0.644746	0.300315	2	2	3
33.0	25.0	32.0	31.0	1.478	2.1336	0.274432	0.333094	1	1	2
35.0	29.0	31.0	38.0	1.136	1.638	0.821494	0.265896	2	2	2
35.0	33.0	32.0	40.0	1.078	0.54	0.366205	0.647577	2	2	3
30.0	31.0	29.0	41.0	1.467	0.636	0.148367	0.348158	1	2	3
32.0	32.0	30.0	38.0	0.992	0.733	0.407964	10.0936	2	1	1
33.0	27.0	32.0	38.0	0.6657	2.3682	1.40807	0.66092	2	2	2
32.0	24.0	32.0	35.0	0.726	0.7638	4.66337	1.83489	2	1	3
33.0	25.0	31.0	31.0	0.956	0.922	0.45972	0.360458	2	2	2
31.0	23.0	30.0	28.0	2.118	0.697	0.442463	0.265906	2	2	2
33.0	33.0	32.0	38.0	3.652	1.626	0.435947	0.168881	2	2	1
32.0	26.0	31.0	40.0	0.593	1.09	0.201238	0.429201	1	2	2
32.0	23.0	30.0	28.0	0.501	0.561	1.16825	0.454223	2	1	2
31.0	24.0	30.0	26.0	0.576	1.218	0.608989	0.216139	2	2	1
31.0	31.0	31.0	41.0	0.825	2.406	0.596749	0.114771	1	2	2
32.0	35.0	32.0	39.0	2.5769	1.087	0.3171	1.12454	1	1	1
33.0	27.0	33.0	40.0	2.422	0.555	0.151708	0.268093	1	1	3
33.0	32.0	32.0	43.0	0.733	1.188	10.0936	0.584737	3	1	1
30.0	24.0	30.0	32.0	0.653	1.397	0.386725	0.222731	1	1	2
32.0	30.0	29.0	40.0	2.554	0.467	0.337062	0.897071	2	2	2
31.0	25.0	30.0	38.0	0.936	2.966	0.537299	0.393939	3	2	2
30.0	27.0	30.0	41.0	0.412	0.797	1.5514	0.257607	2	2	1
32.0	34.0	30.0	39.0	0.783	1.252	2.51086	1.14864	1	1	1
31.0	27.0	30.0	38.0	0.704	1.274	0.404151	0.384123	2	2	3
32.0	29.0	30.0	39.0	0.686	0.668	0.33274	8.2275	2	1	1
33.0	34.0	30.0	41.0	0.208	0.659	0.301691	0.335613	1	3	2
32.0	27.0	31.0	28.0	2.6489	0.5368	0.615065	14.4865	2	1	1
34.0	31.0	32.0	38.0	1.367	2.718	0.317691	0.662656	2	1	1
33.0	36.0	32.0	40.0	1.65	1.544	0.338427	0.757555	2	2	2
34.0	21.0	32.0	30.0	0.822	1.186	1.18872	0.171455	2	2	1
31.0	32.0	32.0	43.0	0.347	0.491	1.41292	0.394727	2	2	2
32.0	35.0	31.0	41.0	2.29	1.317	0.19688	0.228302	2	2	2
30.0	19.0	31.0	39.0	1.659	0.599	0.365266	1.26307	3	1	1
30.0	22.0	30.0	35.0	0.742	1.176	5.58977	0.158392	1	1	1
33.0	21.0	31.0	29.0	2.6503	2.019	0.556949	0.466947	2	2	1
33.0	36.0	31.0	40.0	2.08	1.009	0.442541	0.265381	3	2	3
32.0	36.0	32.0	41.0	0.296	2.4403	97.2516	1.38357	2	1	1
33.0	34.0	29.0	42.0	1.139	1.734	0.968082	0.262307	1	2	2
33.0	29.0	32.0	35.0	0.455	0.998	0.497972	8.22879	2	1	1
31.0	25.0	30.0	40.0	0.716	1.223	0.457424	1.28487	2	2	2
32.0	25.0	33.0	37.0	1.226	0.279	0.47979	129.557	1	1	1
33.0	23.0	30.0	34.0	0.936	2.389	0.460549	0.213831	2	2	2
33.0	26.0	30.0	35.0	1.006	0.532	0.29465	0.67496	1	1	1
32.0	26.0	30.0	27.0	0.529	0.496	0.698888	0.790721	1	2	2
31.0	36.0	30.0	39.0	0.901	0.908	0.944593	0.536605	2	2	2
31.0	33.0	30.0	41.0	3.386	0.702	0.713409	0.217228	1	2	1
33.0	26.0	30.0	39.0	0.729	0.213	0.541984	1.96637	2	2	2
33.0	34.0	32.0	36.0	0.653	0.495	0.300063	1.02311	1	1	3
30.0	24.0	28.0	33.0	1.482	1.2965	0.32217	1.19274	2	2	3
32.0	27.0	31.0	37.0	1.393	1.179	1.06871	0.289737	2	1	3
32.0	36.0	32.0	36.0	0.544	1.482	0.609484	0.32217	1	1	1
35.0	39.0	32.0	38.0	2.0	0.481	0.311562	1.68018	2	1	1
31.0	25.0	31.0	34.0	1.349	0.455	0.194458	0.497972	2	2	3
34.0	24.0	28.0	37.0	0.532	0.744	0.67496	0.732454	2	2	1
32.0	25.0	30.0	34.0	0.444	1.221	0.354749	0.935727	2	2	2
32.0	22.0	31.0	30.0	1.6042	0.58	1.37335	0.717326	4	3	4
32.0	27.0	31.0	39.0	0.943	0.119	0.302	0.859338	3	2	3
31.0	24.0	30.0	27.0	0.561	0.579	0.454223	0.785402	2	1	3
31.0	22.0	31.0	30.0	0.523	0.29	6.38393	3.10226	2	2	3
33.0	26.0	30.0	40.0	1.477	2.585	0.95879	0.337159	2	2	1
32.0	24.0	30.0	36.0	0.397	2.138	0.474076	0.508087	2	2	2
33.0	29.0	30.0	39.0	0.7638	2.163	1.83489	0.110717	2	1	1
28.0	25.0	29.0	38.0	2.667	0.967	0.512372	0.414278	2	1	2
30.0	26.0	29.0	36.0	0.955	0.7064	0.924123	1.89377	2	1	2
31.0	22.0	29.0	30.0	0.854	0.413	0.256674	0.768433	2	2	2
32.0	31.0	30.0	38.0	0.734	0.924	1.2846	1.92559	2	2	4
33.0	31.0	32.0	37.0	1.9213	1.308	0.280409	0.271635	1	1	1
34.0	29.0	31.0	39.0	2.889	0.706	0.383172	5.51669	2	1	1
33.0	23.0	33.0	33.0	3.379	1.632	0.327138	0.966128	2	1	2
30.0	37.0	30.0	40.0	0.745	0.979	1.32482	1.51132	2	2	2
32.0	24.0	32.0	28.0	1.614	0.908	0.174133	0.366871	2	2	2
31.0	35.0	30.0	42.0	0.991	0.628	0.227809	0.403039	1	2	2
33.0	22.0	32.0	33.0	1.293	1.26	0.63293	0.236741	2	2	2
33.0	23.0	30.0	37.0	1.97	0.665	0.556482	14.4305	2	1	1
31.0	23.0	30.0	30.0	1.572	0.967	0.219339	0.414278	2	2	2
33.0	30.0	30.0	40.0	0.487	1.044	26.1884	0.681857	1	1	1
33.0	32.0	31.0	37.0	2.412	1.784	0.232803	0.15771	0	2	3
32.0	33.0	30.0	38.0	0.949	0.666	0.448108	7.40094	2	1	1
31.0	30.0	30.0	37.0	0.733	0.299	1.79422	2.76894	2	1	2
32.0	31.0	30.0	41.0	0.806	0.211	0.417621	0.455471	2	2	2
31.0	23.0	29.0	32.0	2.438	0.647	0.173349	0.625335	1	1	1
33.0	31.0	31.0	40.0	0.689	1.0428	0.311644	2.56354	2	1	2
34.0	25.0	33.0	29.0	1.049	1.03	0.270041	0.83949	1	1	2
31.0	29.0	30.0	41.0	1.175	2.291	0.487847	0.597734	2	2	2
33.0	25.0	33.0	30.0	2.454	1.603	0.140256	0.235157	1	1	3
33.0	28.0	31.0	38.0	0.5351	0.58	10.8284	0.882902	1	1	1
33.0	22.0	32.0	37.0	0.894	0.922	3.30476	0.360458	2	2	1
30.0	28.0	31.0	38.0	1.621	0.605	0.293749	0.723678	1	1	1
33.0	31.0	30.0	39.0	1.805	0.58	0.171468	0.717326	2	2	3
33.0	26.0	32.0	38.0	0.686	3.462	0.450121	1.22906	1	1	1
33.0	25.0	32.0	29.0	3.481	0.2475	0.312642	2.13289	2	1	2
33.0	25.0	31.0	35.0	1.514	2.594	0.0444559	0.0937046	0	2	1
33.0	29.0	30.0	37.0	0.733	0.467	6.20716	0.897071	2	1	1
34.0	23.0	32.0	33.0	0.646	3.481	0.360653	0.312642	2	2	2
31.0	27.0	29.0	39.0	1.221	0.499	0.700536	3.44533	2	1	2
33.0	23.0	32.0	30.0	0.5669	2.856	26.169	0.240275	1	1	1
32.0	32.0	32.0	37.0	0.482	0.529	0.941223	0.459136	1	1	2
31.0	23.0	31.0	33.0	1.057	1.339	10.2122	0.259217	3	5	5
38.0	24.0	30.0	27.0	1.05	3.21	0.403077	0.289335	1	3	1
34.0	34.0	31.0	38.0	0.9059	0.729	1.14362	0.33973	2	1	1
30.0	24.0	30.0	28.0	0.724	1.728	0.531449	0.34835	2	1	3
31.0	26.0	31.0	29.0	0.552	2.438	0.409514	0.173349	3	2	2
31.0	22.0	30.0	36.0	1.0428	0.346	2.56354	1.84528	2	2	4
32.0	23.0	31.0	31.0	3.21	1.363	0.289335	0.690843	2	2	2
35.0	20.0	30.0	30.0	0.111	0.681	0.604391	0.652515	1	2	2
33.0	31.0	30.0	39.0	0.898	1.9622	0.393738	0.791286	1	2	2
31.0	38.0	30.0	37.0	2.34	1.6094	0.165447	0.782029	2	2	2
32.0	35.0	31.0	39.0	1.588	1.0428	0.505454	2.56354	1	1	1
29.0	31.0	30.0	40.0	1.911	0.678	1.01444	0.91377	4	2	3
32.0	29.0	31.0	41.0	0.677	0.416	1.81447	27.791	2	1	2
32.0	28.0	31.0	39.0	0.681	1.721	0.652515	0.43886	1	2	2
32.0	26.0	30.0	34.0	3.943	1.035	0.443006	0.422564	2	2	3
32.0	24.0	30.0	25.0	0.566	2.7272	16.9203	0.654558	2	1	1
33.0	24.0	34.0	32.0	1.612	1.263	1.02961	0.288597	3	3	2
32.0	21.0	30.0	33.0	0.7684	0.248	4.74257	0.678239	2	2	2
32.0	37.0	30.0	40.0	1.714	0.735	0.240792	7.38786	1	1	1
31.0	25.0	30.0	31.0	0.497	0.539	1.19279	0.357476	2	1	2
32.0	31.0	30.0	38.0	0.837	1.299	19.9532	0.334642	1	1	1
34.0	26.0	32.0	34.0	0.678	0.763	5.67844	1.59465	2	1	2
30.0	22.0	29.0	35.0	2.719	1.575	0.547389	0.451995	2	2	4
31.0	36.0	30.0	38.0	0.576	1.088	0.344627	6.32744	2	1	1
32.0	35.0	29.0	43.0	2.66	0.9992	0.319456	1.35526	2	2	2
30.0	22.0	31.0	30.0	0.544	1.995	0.635014	0.417713	2	2	2
33.0	24.0	31.0	38.0	0.539	1.018	2.03547	2.80619	2	2	2
34.0	22.0	31.0	26.0	1.8834	0.742	0.442366	5.58977	2	1	2
32.0	23.0	29.0	30.0	1.278	1.2449	0.289346	2.1675	1	1	2
33.0	23.0	32.0	34.0	1.222	1.109	1.84259	0.732248	1	1	2
34.0	32.0	32.0	42.0	0.666	1.681	0.503581	0.183553	1	2	1
31.0	26.0	33.0	41.0	1.008	2.283	0.148317	0.355832	1	1	2
32.0	34.0	30.0	36.0	0.737	1.635	3.1494	0.591117	3	2	2
29.0	12.0	29.0	35.0	0.7322	1.162	2.56539	0.0720002	2	1	1
32.0	33.0	29.0	40.0	2.632	1.221	0.320045	0.935727	2	2	2
33.0	22.0	31.0	32.0	1.024	2.472	0.785827	0.154612	2	2	2
32.0	35.0	30.0	40.0	2.585	1.935	0.337159	0.147365	2	2	5
32.0	24.0	30.0	26.0	0.484	2.345	0.313826	0.102774	2	1	2
33.0	31.0	31.0	37.0	2.624	0.5785	0.331659	1.16585	2	1	1
32.0	34.0	30.0	38.0	1.003	0.531	0.967002	2.25041	2	1	2
34.0	23.0	33.0	30.0	3.782	1.573	0.337468	0.111907	1	1	3
33.0	27.0	30.0	40.0	0.135	0.119	0.720634	0.859338	2	2	2
31.0	25.0	30.0	35.0	2.43	0.334	0.3068	0.515504	2	1	2
33.0	22.0	32.0	35.0	1.634	1.0357	0.148387	3.41433	3	1	1
34.0	26.0	31.0	38.0	3.776	0.828	0.414647	0.363539	0	2	3
34.0	23.0	32.0	31.0	1.679	1.27	0.207018	0.58613	1	1	1
34.0	31.0	32.0	39.0	0.118	0.968	1.30769	2.34043	2	1	1
31.0	27.0	31.0	32.0	1.588	1.945	0.505454	1.08904	1	1	2
33.0	23.0	31.0	28.0	0.306	2.486	1.17781	0.427071	1	1	1
33.0	22.0	32.0	34.0	2.343	1.958	0.352479	0.361817	3	2	2
32.0	27.0	28.0	35.0	2.451	0.9789	0.118223	1.50513	1	1	2
32.0	29.0	30.0	41.0	1.308	1.367	0.228312	0.317691	2	2	2
32.0	27.0	32.0	29.0	3.0762	1.576	1.19988	0.320803	2	1	1
31.0	26.0	30.0	32.0	0.6536	0.697	3.70973	0.265906	2	1	1
32.0	24.0	29.0	28.0	0.74	1.609	1.05866	0.77102	2	2	2
29.0	22.0	29.0	28.0	1.985	3.267	0.154549	0.331703	1	1	2
33.0	26.0	33.0	28.0	0.848	0.704	0.509748	0.404151	2	2	2
30.0	31.0	30.0	40.0	1.308	1.829	0.271635	0.852677	2	2	2
